39
38
38
38
38
37
37
37
37
37
36
36
36
36
36
35
35
35
35
35
34
34
34
34
34
33
33
33
33
32
32
32
32
32
31
31
31
31
31
30
30
30
30
29
29
29
29
29
28
28
28
28
27
27
27
27
27
26
26
26
26
25
25
25
25
25
24
24
24
24
23
23
23
23
22
22
22
22
21
21
21
21
21
20
20
20
20
19
19
18
17
16
15
15
14
13
12
11
10
10
9
8
7
6
5
4
4
3
2
1
0
-1
-1
-2
-3
-4
-5
-6
-6
-7
-8
-9
-10
-11
-12
-12
-13
-14
-15
-16
-17
-17
-18
-19
-20
-21
-22
-23
-24
-25
-26
-27
-28
-29
-29
-30
-31
-32
-33
-34
-35
-36
-37
-38
-39
-40
-40
-41
-42
-43
-44
-45
-46
-47
-48
-49
-49
-50
-51
-52
-53
-54
-55
-56
-56
-57
-58
-59
-60
-61
-62
-62
-63
-64
-65
-66
-67
-67
-68
-69
-70
-71
-72
-72
-73
-74
-75
-76
-76
-77
-78
-79
-80
-80
-81
-82
-83
-83
-84
-85
-86
-86
-87
-88
-89
-90
-90
-91
-92
-92
-93
-94
-95
-95
-96
-97
-98
-98
-99
-100
-100
-101
-102
-102
-103
-104
-105
-105
-106
-107
-107
-108
-109
-109
-110
-111
-111
-112
-113
-113
-114
-114
-115
-116
-116
-117
-118
-118
-119
-119
-120
-121
-121
-122
-122
-123
-124
-124
-125
-125
-126
-127
-127
-128
-128
-129
-129
-130
-130
-131
-132
-132
-133
-133
-134
-134
-135
-135
-136
-136
-137
-137
-138
-138
-139
-139
-140
-140
-141
-141
-142
-142
-143
-143
-144
-144
-145
-145
-145
-146
-146
-147
-147
-148
-148
-149
-149
-149
-150
-150
-151
-151
-152
-152
-152
-153
-153
-153
-154
-154
-155
-155
-155
-156
-156
-157
-157
-157
-158
-158
-158
-159
-159
-159
-160
-160
-160
-161
-161
-161
-162
-162
-162
-163
-163
-163
-164
-164
-164
-165
-165
-165
-165
-166
-166
-166
-167
-167
-167
-167
-168
-168
-168
-168
-169
-169
-169
-169
-170
-170
-170
-170
-171
-171
-171
-171
-172
-172
-172
-172
-173
-173
-173
-173
-174
-174
-174
-174
-175
-175
-175
-175
-176
-176
-176
-177
-177
-177
-178
-178
-178
-179
-179
-179
-180
-180
-180
-181
-181
-182
-182
-183
-183
-184
-184
-185
-186
-187
-188
-189
-192
-203
-209
-212
-215
-217
-219
-220
-222
-223
-225
-226
-227
-228
-230
-231
-232
-233
-234
-235
-236
-237
-238
-239
-239
-240
-241
-242
-243
-244
-244
-245
-246
-247
-248
-248
-249
-250
-251
-251
-252
-253
-253
-254
-255
-255
-256
-257
-257
-258
-258
-258
-258
-258
-258
-258
-259
-259
-259
-259
-259
-259
-260
-260
-260
-260
-260
-260
-261
-261
-261
-261
-261
-261
-262
-262
-262
-262
-262
-263
-263
-263
-263
-263
-263
-264
-264
-264
-264
-264
-265
-265
-265
-265
-266
-266
-266
-266
-266
-267
-267
-267
-267
-267
-268
-268
-268
-268
-269
-269
-269
-269
-269
-270
-270
-270
-270
-271
-271
-271
-271
-272
-272
-272
-272
-273
-273
-273
-273
-274
-274
-274
-274
-275
-275
-275
-275
-276
-276
-276
-276
-277
-277
-277
-277
-278
-278
-278
-279
-279
-279
-279
-280
-280
-280
-280
-281
-281
-281
-282
-282
-282
-282
-283
-283
-283
-283
-284
-284
-284
-285
-285
-285
-286
-286
-286
-286
-287
-287
-287
-288
-288
-288
-290
-292
-294
-297
-299
-300
-302
-304
-306
-308
-310
-312
-313
-315
-317
-318
-320
-321
-323
-324
-326
-327
-329
-330
-332
-333
-334
-336
-337
-338
-339
-340
-342
-343
-344
-345
-346
-347
-348
-349
-350
-351
-352
-353
-354
-355
-356
-356
-357
-358
-359
-359
-360
-361
-361
-362
-363
-363
-364
-365
-365
-366
-366
-367
-367
-367
-368
-368
-369
-369
-369
-370
-370
-370
-371
-371
-371
-372
-372
-372
-373
-373
-373
-373
-374
-374
-374
-375
-375
-375
-376
-376
-376
-377
-377
-377
-378
-378
-378
-379
-379
-379
-380
-380
-380
-381
-381
-381
-381
-382
-382
-382
-383
-383
-383
-384
-384
-384
-385
-385
-385
-386
-386
-386
-387
-387
-387
-388
-388
-388
-388
-389
-389
-389
-390
-390
-390
-391
-391
-391
-392
-392
-392
-393
-393
-393
-394
-394
-394
-395
-395
-395
-396
-396
-396
-396
-397
-397
-397
-398
-398
-398
-399
-399
-399
-400
-400
-400
-401
-401
-401
-401
-401
-401
-402
-402
-402
-402
-402
-402
-402
-403
-403
-403
-403
-403
-403
-404
-404
-404
-404
-404
-404
-404
-405
-405
-405
-405
-405
-405
-406
-406
-406
-406
-406
-406
-406
-407
-407
-407
-407
-407
-407
-408
-408
-408
-408
-408
-408
-408
-409
-409
-409
-409
-409
-409
-410
-410
-410
-410
-410
-410
-410
-411
-411
-411
-411
-411
-411
-412
-412
-412
-412
-412
-412
-412
-413
-413
-413
-413
-413
-414
-414
-415
-415
-415
-416
-416
-417
-417
-418
-419
-420
-421
-422
-423
-425
-427
-430
-434
-439
-443
-445
-447
-449
-451
-452
-453
-454
-455
-456
-457
-457
-458
-459
-460
-460
-461
-461
-462
-462
-463
-463
-464
-464
-465
-465
-465
-466
-466
-466
-467
-467
-467
-468
-468
-468
-469
-469
-469
-470
-470
-470
-470
-471
-471
-471
-472
-472
-472
-472
-473
-473
-473
-474
-474
-474
-475
-475
-475
-475
-476
-476
-476
-477
-477
-477
-478
-478
-478
-479
-479
-479
-480
-480
-480
-481
-481
-481
-482
-482
-482
-483
-483
-483
-484
-484
-485
-485
-485
-486
-486
-486
-487
-487
-488
-488
-488
-489
-489
-489
-490
-490
-491
-491
-492
-492
-492
-493
-493
-494
-494
-495
-495
-495
-496
-496
-497
-497
-498
-498
-499
-499
-500
-500
-501
-501
-502
-502
-503
-503
-504
-504
-505
-506
-506
-507
-507
-508
-509
-509
-510
-511
-511
-512
-513
-514
-514
-515
-516
-517
-518
-519
-520
-521
-523
-524
-525
-525
-526
-526
-526
-527
-527
-528
-528
-528
-529
-529
-529
-530
-530
-530
-531
-531
-532
-532
-532
-533
-533
-533
-534
-534
-534
-535
-535
-536
-536
-536
-537
-537
-537
-538
-538
-538
-539
-539
-540
-540
-540
-541
-541
-541
-542
-542
-543
-543
-543
-544
-544
-544
-545
-545
-546
-546
-546
-547
-547
-548
-548
-549
-549
-549
-550
-550
-551
-551
-551
-552
-552
-553
-553
-553
-554
-554
-555
-555
-556
-556
-556
-557
-557
-558
-558
-559
-559
-559
-560
-560
-561
-561
-561
-562
-562
-563
-563
-563
-564
-564
-565
-565
-566
-566
-566
-567
-567
-568
-568
-568
-569
-569
-570
-570
-570
-571
-571
-572
-572
-572
-573
-573
-574
-574
-575
-575
-575
-576
-576
-577
-577
-577
-578
-578
-579
-579
-579
-580
-580
-581
-581
-581
-582
-582
-583
-583
-583
-584
-584
-585
-585
-585
-586
-586
-587
-587
-587
-588
-588
-589
-589
-589
-590
-590
-591
-591
-591
-592
-592
-593
-593
-594
-594
-594
-595
-595
-595
-596
-596
-597
-597
-597
-598
-598
-599
-599
-599
-600
-600
-600
-601
-601
-602
-602
-602
-603
-603
-603
-604
-604
-604
-605
-605
-606
-606
-606
-607
-607
-607
-608
-608
-608
-609
-609
-609
-610
-610
-610
-611
-611
-611
-612
-612
-612
-613
-613
-613
-613
-614
-614
-614
-615
-615
-615
-616
-616
-616
-616
-617
-617
-617
-618
-618
-618
-618
-619
-619
-619
-619
-620
-620
-620
-620
-621
-621
-621
-621
-622
-622
-622
-622
-623
-623
-623
-623
-623
-624
-624
-624
-624
-624
-625
-625
-625
-625
-625
-626
-626
-626
-626
-626
-626
-626
-627
-627
-627
-627
-627
-627
-627
-628
-628
-628
-628
-628
-628
-628
-628
-628
-628
-629
-629
-629
-629
-629
-629
-629
-629
-629
-629
-629
-629
-629
-629
-629
-629
-629
-629
-629
-629
-629
-629
-629
-629
-629
-629
-629
-629
-629
-629
-629
-629
-629
-629
-629
-629
-629
-629
-628
-628
-628
-628
-628
-628
-628
-628
-628
-628
-628
-627
-627
-627
-627
-627
-627
-627
-627
-626
-626
-626
-626
-626
-626
-626
-625
-625
-625
-625
-625
-625
-625
-625
-624
-624
-624
-624
-624
-624
-624
-624
-623
-623
-623
-623
-623
-623
-623
-623
-623
-623
-622
-622
-622
-622
-622
-622
-622
-622
-622
-622
-622
-622
-622
-622
-621
-621
-621
-621
-621
-621
-621
-621
-621
-621
-621
-621
-621
-621
-621
-621
-621
-621
-621
-621
-621
-621
-621
-621
-621
-621
-621
-621
-621
-621
-622
-622
-622
-622
-622
-622
-622
-622
-622
-622
-622
-622
-622
-622
-622
-623
-623
-623
-623
-623
-623
-623
-623
-623
-624
-624
-624
-624
-624
-624
-624
-625
-625
-625
-625
-625
-625
-626
-626
-626
-625
-625
-625
-625
-625
-625
-625
-625
-625
-625
-625
-625
-625
-625
-625
-625
-625
-625
-625
-625
-625
-625
-625
-625
-625
-625
-625
-625
-625
-626
-626
-626
-626
-626
-626
-626
-626
-627
-627
-627
-627
-627
-627
-628
-628
-628
-628
-628
-629
-629
-629
-629
-630
-630
-630
-630
-631
-631
-631
-632
-632
-632
-633
-633
-633
-634
-634
-634
-635
-635
-635
-636
-636
-637
-637
-637
-638
-638
-639
-639
-640
-640
-641
-641
-642
-642
-643
-643
-644
-644
-645
-646
-646
-647
-647
-648
-649
-649
-650
-651
-651
-652
-653
-653
-654
-655
-655
-656
-657
-658
-659
-659
-660
-661
-662
-663
-664
-665
-665
-666
-667
-668
-669
-670
-671
-672
-673
-674
-675
-677
-678
-679
-680
-681
-683
-684
-685
-687
-688
-689
-691
-692
-694
-696
-698
-699
-701
-703
-706
-708
-711
-714
-717
-722
-726
-726
-726
-726
-726
-720
-714
-708
-703
-699
-695
-692
-688
-685
-683
-680
-677
-675
-673
-671
-669
-668
-666
-664
-663
-662
-660
-659
-658
-657
-656
-655
-655
-654
-653
-653
-652
-651
-651
-651
-650
-650
-650
-650
-649
-649
-649
-649
-649
-649
-650
-650
-650
-650
-651
-651
-651
-652
-652
-653
-653
-654
-654
-655
-656
-657
-658
-658
-659
-660
-661
-662
-664
-665
-666
-667
-669
-670
-672
-673
-675
-676
-678
-680
-682
-684
-686
-688
-690
-692
-694
-696
-699
-701
-704
-706
-709
-712
-715
-718
-721
-724
-727
-731
-734
-738
-742
-746
-750
-754
-758
-763
-767
-772
-777
-783
-789
-795
-798
-800
-801
-803
-805
-806
-806
-806
-806
-804
-745
-681
-614
-543
-492
-483
-478
-473
-469
-466
-463
-460
-458
-456
-454
-452
-450
-449
-447
-446
-444
-443
-442
-441
-440
-439
-439
-438
-437
-436
-436
-435
-435
-434
-434
-434
-433
-433
-433
-433
-432
-432
-432
-432
-432
-432
-432
-432
-432
-433
-433
-433
-433
-434
-434
-434
-435
-435
-435
-436
-436
-437
-437
-438
-438
-439
-440
-440
-442
-443
-445
-448
-450
-453
-457
-460
-464
-469
-473
-476
-480
-483
-486
-488
-490
-491
-493
-494
-494
-495
-495
-495
-495
-495
-494
-494
-493
-492
-491
-490
-489
-488
-486
-485
-483
-482
-481
-479
-478
-477
-477
-476
-475
-474
-474
-473
-473
-473
-473
-473
-473
-474
-474
-475
-476
-477
-478
-479
-480
-481
-482
-484
-485
-487
-488
-490
-492
-494
-495
-497
-499
-501
-503
-505
-506
-508
-509
-510
-511
-512
-512
-512
-513
-513
-513
-513
-513
-513
-513
-513
-513
-512
-512
-512
-512
-512
-511
-511
-511
-511
-510
-510
-510
-510
-509
-509
-509
-508
-508
-508
-508
-507
-507
-507
-506
-506
-506
-506
-505
-505
-505
-504
-504
-504
-504
-503
-503
-503
-503
-503
-502
-502
-502
-502
-502
-501
-501
-501
-501
-501
-501
-501
-501
-501
-500
-500
-500
-500
-500
-500
-500
-500
-500
-500
-500
-500
-500
-500
-500
-501
-501
-501
-501
-501
-501
-501
-502
-502
-502
-502
-502
-503
-503
-503
-504
-504
-504
-505
-505
-505
-506
-506
-507
-507
-508
-508
-508
-509
-509
-510
-510
-511
-511
-512
-512
-512
-513
-513
-514
-514
-515
-515
-516
-516
-517
-518
-518
-519
-519
-520
-520
-521
-521
-522
-523
-523
-524
-525
-525
-526
-527
-528
-528
-529
-530
-531
-532
-532
-533
-534
-535
-536
-537
-538
-540
-541
-542
-543
-545
-546
-547
-549
-550
-552
-554
-556
-558
-560
-562
-564
-566
-569
-571
-574
-577
-580
-584
-587
-589
-590
-590
-590
-589
-575
-560
-548
-537
-527
-519
-511
-503
-496
-489
-483
-477
-472
-466
-461
-457
-452
-448
-443
-439
-435
-432
-428
-425
-421
-418
-415
-412
-409
-406
-404
-401
-399
-396
-394
-392
-390
-387
-385
-383
-382
-380
-378
-376
-375
-373
-372
-370
-369
-368
-366
-365
-364
-363
-362
-361
-360
-359
-358
-357
-356
-356
-355
-354
-354
-353
-352
-352
-351
-351
-351
-350
-350
-350
-349
-349
-349
-349
-349
-348
-348
-348
-348
-348
-348
-349
-349
-349
-349
-349
-349
-350
-350
-350
-350
-351
-351
-352
-354
-355
-356
-358
-360
-361
-363
-365
-367
-369
-371
-373
-375
-377
-379
-381
-383
-385
-387
-389
-392
-394
-396
-398
-401
-403
-404
-405
-405
-405
-404
-402
-400
-398
-397
-396
-395
-394
-393
-393
-392
-392
-391
-391
-391
-391
-391
-391
-392
-392
-392
-393
-394
-394
-395
-396
-398
-399
-400
-402
-404
-406
-408
-410
-413
-416
-420
-424
-428
-434
-440
-440
-441
-441
-440
-439
-438
-437
-436
-435
-435
-434
-433
-432
-431
-431
-430
-429
-429
-428
-427
-427
-426
-426
-425
-425
-424
-424
-423
-423
-422
-422
-422
-421
-421
-421
-420
-420
-420
-420
-420
-420
-420
-420
-420
-420
-420
-420
-420
-421
-421
-421
-421
-422
-422
-422
-423
-423
-424
-424
-425
-426
-426
-427
-428
-428
-429
-430
-431
-432
-433
-434
-435
-436
-437
-438
-440
-441
-442
-444
-446
-447
-449
-451
-454
-457
-461
-468
-476
-484
-493
-501
-509
-517
-526
-534
-543
-551
-556
-557
-557
-557
-556
-554
-552
-551
-549
-547
-546
-545
-544
-543
-542
-541
-541
-540
-540
-539
-539
-539
-539
-539
-539
-539
-540
-540
-540
-541
-541
-542
-543
-544
-544
-545
-546
-547
-548
-549
-550
-552
-553
-554
-556
-558
-560
-563
-565
-568
-571
-574
-578
-582
-587
-592
-597
-603
-610
-619
-625
-625
-625
-625
-625
-623
-621
-619
-617
-615
-613
-611
-609
-607
-605
-603
-601
-600
-598
-596
-595
-593
-592
-590
-589
-588
-586
-585
-584
-583
-581
-580
-579
-578
-578
-577
-576
-575
-574
-574
-573
-573
-572
-572
-572
-572
-572
-572
-572
-573
-573
-574
-575
-575
-576
-577
-579
-580
-581
-583
-585
-587
-589
-591
-594
-596
-599
-602
-606
-609
-613
-618
-622
-628
-633
-640
-647
-656
-661
-663
-663
-664
-664
-663
-663
-662
-659
-654
-645
-620
-441
-431
-424
-418
-413
-408
-405
-401
-399
-396
-394
-392
-390
-388
-386
-385
-384
-382
-381
-380
-380
-379
-378
-377
-377
-376
-376
-376
-376
-375
-375
-375
-375
-375
-375
-375
-375
-376
-376
-376
-376
-377
-377
-378
-378
-379
-379
-380
-381
-382
-382
-383
-384
-386
-387
-388
-390
-392
-393
-395
-398
-399
-401
-403
-404
-405
-406
-406
-407
-407
-407
-406
-406
-405
-404
-403
-402
-401
-399
-398
-397
-396
-395
-394
-393
-393
-392
-392
-391
-391
-391
-390
-390
-390
-390
-390
-390
-390
-390
-390
-390
-390
-390
-391
-391
-391
-391
-391
-392
-392
-392
-392
-393
-393
-393
-394
-394
-395
-395
-396
-396
-396
-397
-397
-398
-399
-399
-400
-400
-401
-402
-403
-403
-404
-405
-406
-407
-408
-408
-409
-410
-412
-413
-414
-415
-417
-418
-419
-421
-423
-425
-427
-429
-432
-436
-441
-446
-451
-457
-464
-471
-480
-491
-510
-512
-512
-512
-512
-511
-508
-506
-503
-501
-499
-497
-495
-493
-492
-490
-489
-487
-486
-485
-483
-482
-481
-480
-479
-479
-478
-477
-477
-476
-476
-476
-476
-476
-476
-476
-476
-477
-477
-478
-479
-479
-480
-481
-482
-483
-484
-485
-486
-487
-488
-490
-491
-492
-494
-495
-497
-498
-500
-501
-503
-505
-507
-509
-510
-512
-514
-516
-519
-521
-523
-525
-527
-527
-527
-527
-526
-523
-521
-519
-516
-514
-512
-510
-508
-506
-505
-503
-501
-500
-498
-497
-496
-494
-493
-492
-491
-490
-489
-488
-487
-486
-486
-485
-484
-484
-483
-483
-483
-482
-482
-482
-482
-482
-482
-482
-483
-483
-483
-484
-484
-484
-485
-485
-486
-486
-487
-487
-488
-488
-489
-490
-490
-491
-492
-493
-493
-494
-495
-496
-497
-499
-500
-501
-502
-504
-505
-507
-508
-510
-512
-514
-516
-518
-520
-522
-525
-528
-531
-534
-536
-537
-537
-537
-537
-535
-469
-449
-437
-430
-425
-421
-417
-414
-410
-407
-404
-401
-399
-396
-394
-393
-391
-389
-388
-387
-386
-385
-384
-383
-383
-382
-382
-381
-381
-381
-381
-381
-380
-380
-380
-380
-380
-380
-381
-381
-381
-381
-381
-382
-382
-382
-383
-383
-384
-384
-385
-386
-386
-387
-388
-389
-390
-390
-392
-393
-394
-395
-395
-396
-396
-395
-394
-392
-391
-390
-389
-388
-387
-387
-386
-385
-385
-384
-384
-383
-383
-382
-382
-381
-381
-381
-380
-380
-380
-380
-379
-379
-379
-379
-379
-379
-379
-379
-379
-379
-379
-379
-379
-380
-380
-380
-381
-381
-381
-382
-382
-383
-383
-384
-385
-385
-386
-387
-387
-388
-389
-390
-391
-392
-393
-394
-396
-397
-398
-399
-401
-402
-404
-406
-407
-409
-411
-413
-415
-418
-420
-423
-425
-428
-431
-434
-437
-440
-444
-447
-451
-455
-459
-463
-467
-471
-475
-479
-483
-486
-490
-492
-494
-496
-497
-498
-498
-498
-498
-498
-497
-497
-496
-495
-494
-493
-492
-490
-489
-488
-487
-485
-484
-483
-481
-480
-479
-478
-476
-475
-474
-473
-472
-471
-470
-470
-469
-469
-468
-468
-468
-468
-469
-470
-471
-473
-474
-477
-479
-480
-480
-480
-480
-479
-478
-476
-474
-472
-470
-468
-466
-464
-462
-460
-459
-458
-456
-455
-455
-454
-453
-453
-453
-454
-455
-456
-457
-458
-459
-461
-462
-464
-466
-468
-471
-474
-477
-481
-485
-489
-494
-499
-505
-511
-517
-524
-531
-539
-546
-552
-558
-563
-566
-569
-571
-572
-573
-573
-573
-573
-573
-572
-570
-568
-565
-562
-558
-553
-549
-544
-538
-533
-528
-523
-518
-512
-507
-502
-497
-491
-486
-481
-476
-471
-466
-461
-456
-451
-447
-443
-439
-435
-431
-427
-424
-421
-418
-415
-412
-409
-407
-404
-402
-400
-398
-396
-394
-392
-391
-389
-387
-386
-385
-383
-382
-381
-380
-379
-378
-377
-376
-375
-375
-374
-373
-373
-372
-372
-371
-371
-370
-370
-370
-369
-369
-369
-369
-369
-369
-368
-368
-368
-368
-368
-368
-369
-369
-369
-369
-369
-369
-369
-370
-370
-370
-370
-371
-371
-371
-372
-372
-373
-373
-373
-374
-374
-375
-375
-376
-376
-377
-377
-378
-378
-379
-380
-381
-382
-383
-384
-386
-387
-388
-390
-391
-393
-394
-396
-398
-399
-401
-403
-404
-406
-408
-409
-411
-412
-414
-415
-417
-418
-419
-420
-421
-422
-423
-423
-424
-424
-424
-424
-424
-424
-423
-422
-421
-420
-418
-416
-414
-412
-409
-407
-405
-403
-400
-399
-397
-395
-394
-392
-391
-390
-388
-387
-386
-386
-385
-384
-383
-383
-382
-381
-381
-381
-380
-380
-379
-379
-379
-379
-378
-378
-378
-378
-378
-378
-378
-378
-378
-378
-378
-378
-378
-378
-378
-379
-379
-379
-379
-379
-379
-380
-380
-380
-380
-381
-381
-381
-381
-382
-382
-383
-383
-383
-384
-384
-385
-385
-386
-387
-387
-388
-389
-390
-390
-391
-392
-393
-394
-395
-396
-397
-399
-400
-401
-403
-404
-406
-407
-409
-410
-412
-414
-416
-418
-420
-422
-424
-427
-430
-433
-437
-441
-445
-450
-455
-462
-470
-479
-490
-503
-517
-531
-544
-554
-558
-560
-561
-561
-561
-561
-560
-559
-557
-555
-552
-549
-546
-543
-539
-536
-532
-528
-525
-521
-518
-514
-511
-507
-504
-500
-497
-494
-491
-488
-485
-483
-480
-478
-475
-473
-471
-469
-467
-465
-464
-462
-461
-459
-458
-457
-456
-456
-455
-454
-453
-452
-451
-450
-449
-447
-446
-444
-442
-440
-438
-436
-434
-431
-428
-425
-422
-419
-416
-413
-409
-406
-402
-398
-394
-390
-386
-382
-377
-373
-369
-364
-360
-355
-351
-346
-342
-337
-333
-329
-324
-320
-316
-312
-308
-304
-300
-296
-292
-289
-285
-282
-278
-275
-272
-269
-266
-263
-261
-258
-256
-253
-251
-249
-247
-245
-243
-241
-239
-237
-236
-234
-233
-231
-230
-229
-228
-227
-226
-225
-224
-223
-223
-222
-221
-221
-221
-220
-220
-220
-220
-219
-219
-219
-219
-218
-218
-218
-217
-217
-216
-216
-216
-215
-215
-214
-214
-213
-213
-212
-211
-211
-210
-210
-209
-208
-208
-207
-206
-206
-205
-204
-203
-203
-202
-201
-200
-199
-199
-198
-197
-196
-195
-194
-193
-192
-192
-191
-190
-189
-188
-187
-186
-185
-184
-183
-182
-181
-180
-179
-178
-176
-175
-174
-173
-172
-171
-170
-169
-168
-166
-165
-164
-163
-162
-160
-159
-158
-157
-156
-154
-153
-152
-151
-149
-148
-147
-145
-144
-143
-141
-140
-139
-138
-137
-136
-136
-135
-134
-134
-133
-132
-132
-131
-131
-130
-129
-129
-128
-128
-127
-127
-126
-126
-125
-125
-124
-124
-123
-123
-122
-122
-121
-121
-121
-120
-120
-119
-119
-118
-118
-118
-117
-117
-116
-116
-115
-115
-115
-114
-114
-114
-113
-113
-112
-112
-112
-111
-111
-111
-110
-110
-109
-109
-109
-108
-108
-108
-107
-107
-107
-106
-106
-106
-105
-105
-105
-104
-104
-104
-103
-103
-103
-102
-102
-102
-101
-101
-101
-100
-100
-100
-99
-99
-99
-98
-98
-98
-98
-97
-97
-97
-96
-96
-96
-96
-95
-95
-95
-94
-94
-94
-94
-93
-93
-93
-92
-92
-92
-92
-91
-91
-91
-90
-90
-90
-90
-89
-89
-89
-89
-88
-88
-88
-88
-87
-87
-87
-87
-86
-86
-86
-86
-85
-85
-85
-85
-84
-84
-84
-84
-83
-83
-83
-83
-83
-82
-82
-82
-82
-81
-81
-81
-81
-81
-80
-80
-80
-80
-79
-79
-79
-79
-79
-78
-78
-78
-78
-78
-77
-77
-77
-77
-76
-76
-76
-76
-76
-75
-75
-75
-75
-75
-74
-74
-74
-74
-74
-74
-73
-73
-73
-73
-73
-72
-72
-72
-72
-72
-71
-71
-71
-71
-71
-71
-70
-70
-70
-70
-70
-70
-69
-69
-69
-69
-69
-68
-68
-68
-68
-68
-68
-67
-67
-67
-67
-67
-67
-66
-66
-66
-66
-66
-66
-66
-65
-65
-65
-65
-65
-65
-64
-64
-64
-64
-64
-64
-64
-63
-63
-63
-63
-63
-63
-62
-62
-62
-62
-62
-62
-62
-61
-61
-61
-61
-61
-61
-61
-60
-60
-60
-60
-60
-60
-60
-60
-59
-59
-59
-59
-59
-59
-59
-58
-58
-58
-58
-58
-58
-58
-58
-57
-57
-57
-57
-57
-57
-57
-57
-56
-56
-56
-56
-56
-56
-56
-56
-55
-55
-55
-55
-55
-55
-55
-55
-55
-54
-54
-54
-54
-54
-54
-54
-54
-54
-53
-53
-53
-53
-53
-53
-53
-53
-53
-52
-52
-52
-52
-52
-52
-52
-52
-52
-52
-51
-51
-51
-51
-51
-51
-51
-51
-51
-51
-50
-50
-50
-50
-50
-50
-50
-50
-50
-49
-49
-49
-49
-49
-49
-49
-49
-49
-48
-48
-48
-48
-48
-48
-48
-48
-48
-47
-47
-47
-47
-47
-47
-47
-47
-47
-46
-46
-46
-46
-46
-46
-46
-46
-46
-46
-46
-46
-46
-45
-45
-45
-45
-45
-45
-45
-45
-45
-45
-45
-45
-45
-45
-45
-45
-45
-45
-45
-44
-44
-44
-44
-44
-44
-44
-44
-44
-44
-44
-44
-44
-44
-44
-44
-44
-44
-44
-44
-44
-44
-44
-44
-44
-44
-44
-44
-44
-44
-44
-43
-43
-43
-43
-43
-43
-43
-43
-43
-43
-43
-43
-43
-43
-43
-43
-43
-43
-43
-43
-43
-43
-43
-43
-43
-43
-43
-43
-43
-43
-43
-43
-43
-43
-43
-43
-43
-43
-43
-43
-43
-43
-43
-43
-43
-43
-43
-43
-43
-43
-42
-42
-42
-42
-42
-42
-42
-42
-42
-42
-42
-42
-42
-42
-42
-42
-42
-42
-42
-42
-42
-42
-42
-42
-42
-42
-42
-42
-42
-42
-42
-42
-42
-42
-42
-42
-42
-42
-42
-42
-42
-41
-41
-41
-41
-41
-41
-41
-41
-41
-41
-41
-41
-41
-41
-41
-41
-40
-40
-40
-40
-40
-40
-40
-40
-40
-40
-40
-40
-40
-40
-39
-39
-39
-39
-39
-39
-39
-39
-39
-39
-39
-39
-39
-38
-38
-38
-38
-38
-38
-38
-38
-38
-38
-38
-38
-38
-38
-37
-37
-37
-37
-37
-37
-37
-37
-37
-37
-37
-37
-37
-37
-37
-37
-36
-36
-36
-36
-36
-36
-36
-36
-36
-36
-36
-36
-36
-36
-36
-36
-36
-36
-36
-36
-36
-36
-36
-36
-35
-35
-35
-35
-35
-35
-35
-35
-35
-35
-35
-35
-35
-35
-35
-35
-36
-36
-36
-36
-36
-36
-36
-36
-36
-36
-36
-37
-37
-37
-37
-37
-37
-38
-38
-38
-38
-38
-39
-39
-39
-39
-39
-40
-40
-40
-40
-41
-41
-41
-41
-42
-42
-42
-42
-43
-43
-43
-43
-44
-44
-44
-44
-45
-45
-45
-45
-45
-46
-46
-46
-46
-46
-46
-47
-47
-47
-47
-47
-47
-47
-47
-47
-48
-48
-48
-48
-48
-48
-48
-48
-48
-48
-48
-48
-48
-48
-48
-48
-48
-48
-48
-48
-48
-48
-48
-48
-48
-48
-48
-48
-48
-48
-48
-48
-47
-47
-47
-47
-47
-47
-47
-47
-47
-46
-46
-46
-46
-46
-46
-46
-45
-45
-45
-45
-45
-45
-45
-45
-44
-44
-44
-44
-44
-44
-44
-43
-43
-43
-43
-43
-43
-43
-42
-42
-42
-42
-42
-42
-42
-42
-41
-41
-41
-41
-41
-41
-41
-41
-40
-40
-40
-40
-40
-40
-40
-40
-40
-40
-40
-40
-40
-40
-39
-39
-39
-39
-39
-39
-39
-38
-38
-38
-38
-37
-37
-37
-37
-36
-36
-36
-35
-35
-35
-35
-34
-34
-34
-34
-33
-33
-33
-33
-33
-33
-33
-32
-32
-32
-31
-31
-30
-30
-29
-29
-28
-28
-28
-27
-27
-26
-26
-25
-25
-24
-24
-24
-23
-23
-22
-22
-21
-21
-20
-20
-20
-19
-19
-18
-18
-17
-16
-16
-15
-14
-13
-12
-11
-11
-10
-9
-8
-7
-6
-6
-5
-4
-3
-2
-1
-1
0
1
2
3
4
5
6
7
8
9
10
11
12
13
14
16
17
18
19
20
21
22
23
24
25
26
27
29
30
31
32
33
34
35
37
38
39
40
41
42
43
45
46
47
48
49
50
51
53
54
55
56
57
58
59
61
62
63
64
65
66
67
68
70
71
72
73
74
75
76
77
78
80
81
82
83
84
85
86
87
88
89
90
91
92
93
94
95
96
97
98
99
100
101
102
103
104
105
106
107
108
109
110
111
112
112
113
114
115
116
117
118
119
119
120
121
122
123
124
124
125
126
127
128
128
129
130
131
131
132
133
134
134
135
136
136
137
138
139
139
140
141
141
142
142
143
144
144
145
146
146
147
147
148
149
149
150
150
151
151
152
152
153
153
154
154
155
155
156
156
157
157
158
158
159
159
160
160
161
161
161
162
162
163
163
163
164
164
165
165
165
166
166
166
167
167
167
168
168
168
169
169
169
170
170
170
170
171
171
171
171
172
172
172
172
173
173
173
173
174
174
174
174
175
175
175
175
176
176
176
176
177
177
177
178
178
178
178
179
179
179
180
180
180
181
181
181
182
182
182
183
183
184
184
184
185
185
186
186
187
187
187
188
188
189
189
190
191
191
192
192
193
194
194
195
196
197
197
198
199
200
201
202
203
204
205
207
208
210
211
213
215
217
219
221
223
225
227
229
230
232
234
235
237
238
239
240
241
242
244
244
245
246
247
248
249
249
250
251
252
252
253
254
254
254
254
254
254
255
255
255
255
255
255
256
256
256
256
256
256
257
257
257
257
257
257
258
258
258
258
258
259
259
259
259
259
260
260
260
260
260
260
261
261
261
261
262
262
262
262
262
263
263
263
263
263
264
264
264
264
265
265
265
265
265
266
266
266
266
267
267
267
267
268
268
268
268
269
269
269
269
269
270
270
270
270
271
271
271
272
272
272
272
273
273
273
273
274
274
274
274
275
275
275
275
276
276
276
277
277
277
277
278
278
278
278
279
279
279
280
280
280
280
281
281
281
282
282
282
283
283
283
283
284
284
284
285
285
285
287
289
292
294
296
298
300
302
303
305
307
309
311
312
314
316
317
319
320
322
323
325
326
328
329
330
332
333
334
336
337
338
339
340
341
343
344
345
346
347
348
349
350
350
351
352
353
354
355
355
356
357
358
358
359
360
360
361
361
362
362
363
363
364
364
365
365
365
366
366
366
367
367
367
368
368
368
369
369
369
370
370
370
370
371
371
371
372
372
372
373
373
373
374
374
374
375
375
375
376
376
376
377
377
377
378
378
378
378
379
379
379
380
380
380
381
381
381
382
382
382
383
383
383
384
384
384
385
385
385
386
386
386
386
387
387
387
388
388
388
389
389
389
390
390
390
391
391
391
392
392
392
393
393
393
394
394
394
394
395
395
395
396
396
396
397
397
397
397
397
398
398
398
398
398
398
399
399
399
399
399
399
399
400
400
400
400
400
400
401
401
401
401
401
401
401
402
402
402
402
402
402
403
403
403
403
403
403
403
404
404
404
404
404
404
405
405
405
405
405
405
405
406
406
406
406
406
406
407
407
407
407
407
407
407
408
408
408
408
408
408
409
409
409
409
409
409
409
410
410
411
411
411
412
412
413
413
414
414
415
416
416
417
418
419
420
422
424
426
429
433
438
442
445
446
448
449
451
452
453
453
454
455
456
456
457
458
458
459
459
460
460
460
461
461
462
462
462
463
463
463
464
464
464
465
465
465
466
466
466
467
467
467
467
468
468
468
469
469
469
469
470
470
470
471
471
471
472
472
472
472
473
473
473
474
474
474
475
475
475
476
476
476
477
477
477
478
478
478
479
479
479
480
480
481
481
481
482
482
482
483
483
484
484
484
485
485
485
486
486
487
487
487
488
488
489
489
490
490
490
491
491
492
492
493
493
494
494
495
495
496
496
496
497
498
498
499
499
500
500
501
501
502
502
503
504
504
505
505
506
507
507
508
509
510
510
511
512
513
514
515
515
516
518
519
520
522
522
522
523
523
524
524
524
525
525
525
526
526
526
527
527
528
528
528
529
529
529
530
530
530
531
531
532
532
532
533
533
533
534
534
534
535
535
536
536
536
537
537
537
538
538
539
539
539
540
540
540
541
541
542
542
542
543
543
544
544
544
545
545
546
546
546
547
547
548
548
549
549
549
550
550
551
551
552
552
552
553
553
554
554
554
555
555
556
556
557
557
557
558
558
559
559
559
560
560
561
561
561
562
562
563
563
564
564
564
565
565
566
566
566
567
567
568
568
568
569
569
570
570
570
571
571
572
572
573
573
573
574
574
575
575
575
576
576
577
577
577
578
578
579
579
579
580
580
581
581
581
582
582
583
583
583
584
584
585
585
585
586
586
587
587
587
588
588
589
589
589
590
590
591
591
591
592
592
593
593
593
594
594
595
595
595
596
596
596
597
597
598
598
598
599
599
599
600
600
601
601
601
602
602
602
603
603
603
604
604
604
605
605
605
606
606
606
607
607
607
608
608
608
609
609
609
610
610
610
611
611
611
611
612
612
612
613
613
613
613
614
614
614
615
615
615
615
616
616
616
616
617
617
617
617
618
618
618
618
619
619
619
619
619
620
620
620
620
620
621
621
621
621
621
622
622
622
622
622
622
623
623
623
623
623
623
623
624
624
624
624
624
624
624
624
624
625
625
625
625
625
625
625
625
625
625
625
625
625
625
625
625
625
625
626
626
626
626
626
625
625
625
625
625
625
625
625
625
625
625
625
625
625
625
625
625
625
625
624
624
624
624
624
624
624
624
624
624
623
623
623
623
623
623
623
623
622
622
622
622
622
622
622
621
621
621
621
621
621
621
621
620
620
620
620
620
620
620
620
619
619
619
619
619
619
619
619
619
619
619
618
618
618
618
618
618
618
618
618
618
618
618
618
618
618
618
618
618
618
617
617
617
617
617
617
617
617
617
617
617
617
617
617
617
617
617
618
618
618
618
618
618
618
618
618
618
618
618
618
618
618
618
618
618
618
619
619
619
619
619
619
619
619
619
619
620
620
620
620
620
620
620
620
621
621
621
621
621
621
622
622
622
622
621
621
621
621
621
621
621
621
621
621
621
621
621
621
621
621
621
621
621
621
621
621
621
621
621
621
622
622
622
622
622
622
622
622
622
623
623
623
623
623
623
623
624
624
624
624
624
625
625
625
625
626
626
626
626
627
627
627
627
628
628
628
629
629
629
630
630
630
631
631
631
632
632
633
633
633
634
634
635
635
636
636
637
637
638
638
639
639
640
640
641
641
642
642
643
644
644
645
645
646
647
647
648
649
649
650
651
651
652
653
654
655
655
656
657
658
659
659
660
661
662
663
664
665
666
667
668
669
670
671
672
673
674
675
676
678
679
680
681
683
684
685
687
688
690
691
693
695
697
698
700
703
705
707
710
707
702
698
694
691
687
684
682
679
677
674
672
670
668
666
665
663
662
660
659
658
657
656
655
654
653
652
651
651
650
649
649
648
648
647
647
647
646
646
646
646
646
646
646
646
646
646
646
646
646
646
646
646
647
647
647
648
648
648
649
649
650
651
651
652
653
653
654
655
656
657
658
659
660
661
662
664
665
666
668
669
671
672
674
675
677
679
681
683
685
687
689
691
693
696
698
700
703
706
708
711
714
717
720
723
727
730
734
737
741
745
749
753
757
762
766
771
776
782
788
794
731
668
600
523
490
482
477
472
468
465
462
459
457
455
453
451
449
447
446
444
443
442
441
440
439
438
437
436
435
435
434
433
433
432
432
431
431
430
430
430
429
429
429
429
429
428
428
428
428
428
428
428
428
429
429
429
429
429
429
430
430
430
431
431
431
432
432
433
433
434
434
435
435
436
436
437
438
439
441
442
444
447
449
453
456
460
464
468
472
476
479
482
485
487
489
490
491
491
490
489
488
486
485
484
482
481
479
478
477
476
475
474
473
472
472
471
471
470
470
470
469
469
469
469
469
469
470
470
470
471
471
472
472
473
474
475
476
477
478
480
481
483
484
486
487
489
491
493
495
496
498
500
502
504
505
507
508
508
509
509
509
509
509
509
509
509
508
508
508
508
508
507
507
507
506
506
506
506
505
505
505
504
504
504
504
503
503
503
502
502
502
502
501
501
501
501
500
500
500
500
499
499
499
499
499
498
498
498
498
498
498
497
497
497
497
497
497
497
497
497
497
497
496
496
496
496
496
496
496
496
496
497
497
497
497
497
497
497
497
497
497
498
498
498
498
498
499
499
499
499
500
500
500
501
501
501
502
502
503
503
503
504
504
505
505
506
506
506
507
507
508
508
509
509
510
510
511
511
512
512
513
513
514
514
515
515
516
516
517
518
518
519
519
520
521
521
522
523
524
524
525
526
527
527
528
529
530
531
532
533
534
535
536
537
538
540
541
542
543
545
546
548
549
551
553
555
557
559
561
563
565
568
570
572
558
545
535
526
517
509
502
495
488
482
476
471
465
460
456
451
447
442
438
435
431
427
424
420
417
414
411
408
405
403
400
398
395
393
391
389
386
384
382
381
379
377
375
374
372
371
369
368
366
365
364
363
362
360
359
358
357
356
356
355
354
353
352
352
351
350
350
349
349
348
348
347
347
347
346
346
346
346
345
345
345
345
345
345
345
345
345
345
345
345
345
345
345
345
345
346
346
346
346
347
347
347
348
348
349
350
351
352
354
355
357
359
361
362
364
366
368
370
372
374
376
378
380
382
384
386
389
391
393
395
397
396
395
393
392
392
391
390
390
389
389
388
388
388
388
387
387
387
387
387
388
388
388
388
389
389
390
390
391
392
393
394
395
396
398
399
401
403
405
407
410
412
415
419
423
427
433
433
432
431
430
430
429
428
427
427
426
425
425
424
423
423
422
422
421
421
420
420
419
419
419
418
418
418
417
417
417
417
417
416
416
416
416
416
416
416
416
416
416
416
416
417
417
417
417
418
418
418
419
419
419
420
420
421
421
422
422
423
424
424
425
426
427
428
428
429
430
431
432
433
435
436
437
438
440
441
443
445
446
448
451
453
456
460
467
475
483
491
500
508
516
525
533
541
546
545
544
542
541
540
540
539
538
538
537
537
536
536
536
535
535
535
535
535
535
535
536
536
536
536
537
537
538
538
539
540
540
541
542
543
544
545
546
547
548
549
550
552
554
555
557
559
562
564
567
570
574
577
581
586
591
596
602
609
614
612
610
608
606
604
602
600
599
597
595
594
592
591
589
588
586
585
584
582
581
580
579
578
577
576
575
574
573
573
572
571
571
570
570
569
569
569
568
568
568
568
568
568
568
568
569
569
569
570
571
571
572
573
574
575
576
577
579
580
582
584
586
588
590
593
595
598
601
605
609
613
617
622
627
632
639
646
653
482
452
439
430
423
417
412
408
404
401
398
395
393
391
389
387
385
384
382
381
380
379
378
377
376
376
375
374
374
373
373
373
372
372
372
372
372
371
371
371
371
371
371
372
372
372
372
372
372
373
373
374
374
374
375
375
376
377
377
378
379
380
381
382
383
384
386
387
389
391
393
395
397
398
400
402
403
402
401
399
398
397
396
395
393
393
392
391
390
390
389
388
388
388
387
387
387
386
386
386
386
386
386
386
386
386
386
386
386
387
387
387
387
387
387
388
388
388
388
389
389
389
390
390
390
391
391
391
392
392
393
393
394
394
395
395
396
397
397
398
399
399
400
401
402
402
403
404
405
406
407
408
409
410
411
413
414
415
417
418
420
422
424
426
428
431
435
440
445
450
456
463
470
478
489
498
496
494
492
491
489
488
486
485
483
482
481
480
479
478
477
476
475
475
474
474
473
473
472
472
472
472
472
472
472
472
472
472
473
473
474
474
475
475
476
477
478
479
479
480
481
482
484
485
486
487
488
490
491
493
494
496
497
499
500
502
504
506
508
509
511
514
516
518
518
515
513
511
509
507
505
504
502
500
499
497
496
494
493
492
491
489
488
487
486
485
484
484
483
482
482
481
481
480
480
479
479
479
479
478
478
478
478
478
478
478
479
479
479
479
480
480
480
481
481
481
482
482
483
483
484
484
485
486
486
487
488
489
489
490
491
492
493
494
495
496
497
498
500
501
503
504
506
507
509
511
513
515
517
519
520
464
447
436
429
424
420
416
413
409
406
403
400
398
395
393
392
390
388
387
386
384
383
382
381
381
380
379
379
378
378
378
377
377
377
377
377
377
377
377
377
377
377
377
377
377
377
377
377
378
378
378
378
379
379
380
380
381
381
382
382
383
384
385
385
386
387
388
389
390
389
388
387
386
385
384
383
383
382
381
381
380
380
379
379
378
378
378
377
377
377
376
376
376
376
376
375
375
375
375
375
375
375
375
375
375
375
375
375
376
376
376
376
377
377
377
378
378
379
379
380
380
381
381
382
383
383
384
385
386
387
388
389
390
391
392
393
394
396
397
398
400
401
403
405
407
408
410
412
415
417
419
422
424
427
430
433
436
439
443
446
450
454
458
462
466
470
474
478
482
486
489
491
493
493
493
492
490
489
488
487
485
484
483
481
480
479
477
476
475
474
473
472
471
470
469
468
467
466
466
465
465
465
464
464
464
464
464
464
465
465
466
466
467
469
470
472
473
471
469
467
465
463
461
459
458
456
455
454
453
452
451
451
450
450
450
450
449
450
450
450
450
451
451
452
453
454
455
457
458
459
461
463
465
467
470
473
476
480
484
488
493
498
504
510
516
523
530
538
545
551
557
562
566
567
564
561
557
552
548
543
538
532
527
522
516
511
506
501
496
490
485
480
475
470
465
460
455
450
446
442
438
434
430
426
423
420
417
414
411
408
406
403
401
399
397
395
393
391
389
388
386
385
383
382
381
380
379
377
376
376
375
374
373
372
371
371
370
370
369
369
368
368
367
367
366
366
366
366
365
365
365
365
365
365
365
365
365
365
365
365
365
365
365
365
365
365
365
366
366
366
366
367
367
367
368
368
368
369
369
369
370
370
371
371
372
372
372
373
374
374
375
375
376
377
378
378
380
381
382
383
384
386
387
389
390
392
393
395
397
398
400
402
403
405
407
408
410
411
413
414
416
417
418
419
420
420
420
419
417
415
413
411
408
406
404
402
400
398
396
394
392
391
390
388
387
386
385
384
383
382
381
381
380
379
379
378
378
377
377
376
376
376
375
375
375
375
375
374
374
374
374
374
374
374
374
374
374
374
374
374
374
375
375
375
375
375
375
375
376
376
376
376
376
377
377
377
378
378
378
379
379
379
380
380
381
381
382
382
383
384
384
385
386
386
387
388
389
390
391
392
393
394
395
396
397
399
400
401
403
404
406
408
409
411
413
415
417
419
421
424
426
429
432
436
440
444
449
455
461
468
477
488
501
515
529
542
553
552
549
545
542
538
535
531
528
524
520
517
513
510
506
503
500
496
493
490
487
485
482
479
477
474
472
470
468
466
464
462
461
459
458
457
456
455
454
453
452
452
451
450
449
448
446
445
443
441
439
437
435
433
430
427
425
422
419
415
412
408
405
401
397
393
389
385
381
376
372
368
363
359
354
350
345
341
336
332
328
323
319
315
311
307
303
299
295
291
288
284
281
278
274
271
268
265
263
260
257
255
252
250
248
246
244
242
240
238
236
235
233
232
230
229
228
226
225
224
223
222
222
221
220
219
219
218
218
217
217
217
216
216
216
216
216
215
215
215
214
214
214
213
213
212
212
211
211
210
210
209
209
208
208
207
206
206
205
204
204
203
202
202
201
200
199
198
198
197
196
195
194
193
193
192
191
190
189
188
187
186
185
184
183
182
181
180
179
178
177
176
175
174
173
172
171
170
168
167
166
165
164
163
162
160
159
158
157
156
154
153
152
151
149
148
147
145
144
143
141
140
139
137
136
135
135
134
133
132
132
131
130
130
129
129
128
127
127
126
126
125
125
124
124
123
123
122
122
121
121
120
120
119
119
118
118
117
117
116
116
116
115
115
114
114
113
113
113
112
112
111
111
111
110
110
109
109
109
108
108
108
107
107
107
106
106
105
105
105
104
104
104
103
103
103
102
102
102
101
101
101
100
100
100
99
99
99
98
98
98
97
97
97
96
96
96
95
95
95
95
94
94
94
93
93
93
93
92
92
92
91
91
91
90
90
90
90
89
89
89
89
88
88
88
87
87
87
87
86
86
86
86
85
85
85
85
84
84
84
83
83
83
83
82
82
82
82
82
81
81
81
81
80
80
80
80
79
79
79
79
78
78
78
78
78
77
77
77
77
76
76
76
76
76
75
75
75
75
75
74
74
74
74
73
73
73
73
73
72
72
72
72
72
71
71
71
71
71
70
70
70
70
70
70
69
69
69
69
69
68
68
68
68
68
67
67
67
67
67
67
66
66
66
66
66
66
65
65
65
65
65
65
64
64
64
64
64
64
63
63
63
63
63
63
62
62
62
62
62
62
61
61
61
61
61
61
60
60
60
60
60
60
60
59
59
59
59
59
59
59
58
58
58
58
58
58
58
57
57
57
57
57
57
57
56
56
56
56
56
56
56
55
55
55
55
55
55
55
55
54
54
54
54
54
54
54
54
53
53
53
53
53
53
53
53
52
52
52
52
52
52
52
52
51
51
51
51
51
51
51
51
51
50
50
50
50
50
50
50
50
50
49
49
49
49
49
49
49
49
49
49
48
48
48
48
48
48
48
48
48
47
47
47
47
47
47
47
47
47
47
46
46
46
46
46
46
46
46
46
45
45
45
45
45
45
45
45
45
44
44
44
44
44
44
44
44
44
43
43
43
43
43
43
43
43
43
43
42
42
42
42
42
42
42
42
42
42
42
42
42
42
41
41
41
41
41
41
41
41
41
41
41
41
41
41
41
41
41
41
41
41
41
41
41
40
40
40
40
40
40
40
40
40
40
40
40
40
40
40
40
40
40
40
40
40
40
40
40
40
40
40
40
40
40
40
40
40
40
39
39
39
39
39
39
39
39
39
39
39
39
39
39
39
39
39
39
39
39
39
39
39
39
39
39
39
39
39
39
39
39
39
39
39
39
39
39
39
39
39
39
39
39
39
39
39
39
39
39
39
39
39
39
39
39
39
39
39
39
39
38
38
38
38
38
38
38
38
38
38
38
38
38
38
38
38
38
38
38
38
38
38
38
38
37
37
37
37
37
37
37
37
37
37
37
37
37
37
37
36
36
36
36
36
36
36
36
36
36
36
36
36
36
35
35
35
35
35
35
35
35
35
35
35
35
35
34
34
34
34
34
34
34
34
34
34
34
34
34
34
33
33
33
33
33
33
33
33
33
33
33
33
33
33
33
33
33
32
32
32
32
32
32
32
32
32
32
32
32
32
32
32
32
32
32
32
32
32
32
32
32
32
32
32
32
32
32
32
32
32
32
32
32
32
32
32
32
32
32
32
32
32
32
33
33
33
33
33
33
33
34
34
34
34
34
34
35
35
35
35
36
36
36
36
37
37
37
37
38
38
38
38
39
39
39
39
39
40
40
40
40
41
41
41
41
42
42
42
42
42
42
43
43
43
43
43
43
43
44
44
44
44
44
44
44
44
44
44
44
44
44
44
44
44
45
45
45
45
45
45
44
44
44
44
44
44
44
44
44
43
43
43
43
43
42
42
42
42
41
41
41
41
40
40
40
39
39
39
39
38
38
38
37
37
37
37
36
36
36
35
35
35
35
34
34
34
34
33
33
33
33
32
32
32
32
32
31
31
31
31
31
31
31
31
30
30
30
30
30
30
30
30
30
30
30
30
30
30
30
30
30
30
30
30
30
30
30
30
30
30
30
30
30
30
30
30
29
29
29
29
29
29
29
29
29
29
29
29
29
29
29
28
27
26
25
24
23
22
21
20
19
19
18
17
17
16
16
16
16
15
15
15
15
15
14
14
14
14
13
13
13
13
12
12
12
12
12
11
11
11
11
10
10
10
10
10
9
9
9
9
8
8
8
8
8
8
8
