0
0
6
6
17
17
26
26
34
34
42
42
47
47
52
53
56
56
59
59
62
62
65
65
68
68
68
70
71
73
74
76
76
77
79
79
80
82
82
84
85
87
87
88
90
91
91
93
93
94
96
97
97
99
99
100
100
102
102
105
105
107
107
108
108
110
110
111
111
113
113
114
114
116
116
117
117
119
119
119
119
120
120
122
122
123
124
125
125
127
127
130
130
133
133
137
137
141
140
145
145
151
150
155
155
159
159
161
161
161
161
161
161
161
161
161
161
161
161
161
161
161
161
161
161
161
161
161
161
161
162
162
162
162
162
162
164
164
164
165
165
167
167
168
170
170
173
173
179
179
188
188
193
193
193
192
191
190
190
189
188
188
187
187
187
187
186
185
185
185
185
185
185
185
185
185
185
185
185
185
185
185
185
185
185
185
185
187
187
187
187
188
188
188
189
190
190
191
191
192
193
193
194
195
196
196
198
199
199
201
201
202
202
204
205
207
207
208
208
210
211
213
213
215
215
218
218
219
221
222
222
224
224
227
227
228
228
230
230
232
232
234
235
235
236
238
238
238
239
241
241
242
242
244
244
245
245
247
247
248
248
250
250
251
252
252
253
253
255
255
256
256
258
258
258
259
259
261
261
261
262
263
264
264
265
265
267
267
267
268
268
269
270
270
272
272
272
273
273
273
275
275
276
276
276
278
278
278
279
279
279
281
281
281
282
282
283
284
284
284
285
285
286
286
287
287
287
289
289
289
290
290
290
290
292
292
293
293
293
295
295
296
298
298
301
301
302
302
306
306
311
312
341
341
341
341
341
340
339
339
338
338
338
338
338
338
338
337
336
336
336
337
338
338
338
338
338
339
339
341
341
342
343
346
346
352
353
365
366
364
364
364
364
364
364
364
364
364
364
364
364
364
364
366
366
366
366
367
367
369
369
370
370
373
373
384
384
395
395
395
395
393
393
390
390
387
387
384
384
383
383
381
380
379
379
378
378
378
378
377
376
376
376
376
376
376
376
376
376
376
376
376
376
376
376
376
376
376
376
376
376
376
376
376
377
378
378
378
378
378
378
378
378
378
378
378
378
379
379
379
379
379
379
379
380
381
381
381
381
381
381
381
381
383
383
383
383
384
384
384
384
386
386
386
386
387
387
387
389
389
389
389
390
390
390
391
392
392
392
392
393
393
393
395
395
395
395
396
396
396
397
398
398
398
398
400
400
400
400
401
401
401
403
403
403
403
404
404
404
404
406
406
406
406
407
407
407
409
409
409
409
410
410
410
410
412
412
412
412
413
413
414
414
415
415
415
415
416
416
417
418
418
418
418
420
420
420
420
421
421
421
421
423
423
423
423
424
424
424
425
426
426
426
426
427
427
427
429
429
429
429
430
430
431
432
432
433
433
434
435
435
435
437
437
438
438
440
440
441
441
443
443
446
446
447
447
449
449
452
452
454
454
457
457
460
460
463
463
466
466
469
469
473
474
477
477
481
481
487
487
492
492
499
500
509
509
509
508
506
506
503
503
500
500
497
497
494
494
491
490
487
487
485
484
483
483
480
480
478
477
475
475
474
474
472
472
470
470
469
469
467
467
466
466
466
464
464
464
463
463
463
461
461
461
460
460
460
460
458
458
458
458
458
457
457
457
457
457
455
455
455
455
455
455
455
454
454
454
454
454
454
454
454
453
453
453
452
452
452
452
452
452
452
452
452
452
452
452
452
452
452
452
452
452
452
452
452
452
452
452
452
452
452
452
452
452
452
452
452
452
452
452
452
452
452
453
453
453
454
454
454
454
454
454
454
455
455
455
455
455
457
457
457
457
457
458
458
458
460
460
460
460
461
461
463
463
463
464
465
466
466
467
468
469
470
470
470
470
470
470
469
469
469
469
468
467
467
467
466
466
466
466
466
464
464
464
464
463
463
463
463
461
461
461
461
460
460
460
460
458
458
458
458
457
457
457
457
457
457
457
457
457
455
455
455
455
455
455
455
455
455
455
455
455
455
455
455
455
455
455
455
455
455
455
455
455
455
455
455
455
455
455
455
455
455
455
455
457
457
457
457
457
457
457
457
458
458
458
458
458
460
460
460
460
460
460
461
461
461
461
463
463
463
463
464
464
465
466
466
466
467
467
469
469
469
470
470
471
472
472
474
474
475
475
477
477
478
478
480
480
481
481
483
483
484
486
486
487
489
489
491
491
494
494
495
495
498
498
500
500
503
503
506
506
509
509
512
512
515
515
520
520
525
526
530
531
536
536
541
541
545
544
548
548
548
548
546
545
541
540
535
535
531
531
527
526
523
523
520
519
517
517
515
514
514
512
512
511
511
509
509
508
508
507
506
506
505
504
504
504
503
503
503
502
501
501
501
500
500
500
500
500
498
498
498
498
498
497
497
497
497
497
497
495
495
495
495
495
495
495
494
494
494
494
494
494
494
494
492
492
492
492
492
492
492
492
492
492
492
492
491
491
491
491
491
491
491
491
491
491
491
491
491
491
491
491
491
491
490
489
489
489
489
489
489
489
489
489
489
491
491
491
491
491
491
491
491
491
491
491
491
491
491
492
492
492
492
492
492
492
492
494
494
494
494
494
494
494
495
495
495
495
495
495
497
497
497
497
497
497
498
498
498
498
499
500
500
500
500
501
501
501
501
502
503
503
503
503
504
504
504
505
506
506
506
506
507
507
508
509
509
509
509
511
511
511
512
512
512
514
514
514
515
515
515
517
517
518
518
518
520
520
520
521
521
523
523
524
524
525
526
526
528
528
528
529
529
531
531
532
532
534
535
536
537
538
538
539
540
541
541
543
544
545
546
548
548
551
551
553
554
554
555
557
558
561
561
564
565
567
568
569
571
571
574
574
577
577
578
579
581
581
583
585
586
586
588
589
591
591
592
592
594
594
594
594
592
592
581
581
569
569
554
554
538
538
529
529
520
520
514
513
507
507
502
502
497
497
494
494
489
489
486
486
483
483
480
480
478
478
475
475
474
474
472
471
470
470
469
469
467
467
467
466
466
466
466
466
466
464
464
464
464
464
464
464
464
464
466
466
466
466
466
467
467
468
469
470
470
472
472
474
474
475
477
477
477
477
477
475
475
474
473
470
470
469
468
466
466
464
464
463
463
460
460
458
458
457
457
457
455
455
454
454
454
453
452
452
452
452
451
450
450
450
450
450
450
449
449
449
449
449
449
450
450
450
450
450
450
451
452
452
452
452
453
454
454
455
455
455
457
457
458
458
460
460
461
461
463
464
466
466
467
467
469
469
472
472
474
474
475
475
475
477
477
476
472
472
467
467
464
464
461
461
460
460
457
457
455
454
452
452
450
450
449
449
447
446
446
445
444
443
443
443
441
441
441
440
440
440
440
440
438
438
438
438
438
438
437
437
437
437
437
437
437
437
437
437
437
437
437
435
435
435
435
435
435
435
435
435
435
435
435
435
435
435
435
437
437
437
437
437
437
437
437
437
437
437
437
438
438
438
438
438
440
440
440
440
440
441
441
441
443
443
443
443
444
444
444
446
446
447
447
448
449
449
449
451
451
452
452
453
454
455
455
457
457
457
458
460
460
460
461
463
463
464
464
466
467
467
469
469
470
470
472
472
474
475
477
477
478
478
480
481
483
483
484
484
486
487
489
489
491
492
494
494
495
495
498
498
500
500
502
503
504
504
506
506
509
509
511
511
514
514
515
515
515
517
517
517
514
512
507
507
498
498
481
481
457
456
439
438
429
427
421
420
415
413
409
409
404
404
401
401
398
398
395
395
393
392
392
390
390
389
389
387
387
387
386
386
386
386
384
384
384
384
383
383
383
383
383
381
381
381
381
381
381
380
380
379
379
379
379
379
378
378
378
378
378
378
378
378
378
378
378
377
377
376
376
376
376
376
376
376
376
376
376
376
376
376
376
376
376
376
376
377
378
378
378
378
378
378
378
378
378
378
379
379
379
380
380
380
381
381
381
383
383
383
384
384
386
386
387
387
389
389
392
392
393
393
395
396
398
398
400
400
400
399
392
392
379
380
375
375
372
372
369
369
367
366
366
364
364
364
363
363
363
361
361
361
361
360
359
359
359
359
359
358
358
358
358
358
358
358
358
358
358
358
358
358
358
358
358
358
358
358
358
358
358
358
358
358
358
358
358
358
359
359
359
359
359
359
359
360
361
361
361
361
361
361
363
363
363
363
364
364
364
366
366
366
366
367
367
369
369
369
369
370
370
372
372
373
373
375
375
376
376
378
378
379
379
381
381
383
383
384
384
386
387
389
389
390
390
392
392
395
395
395
396
398
398
400
401
401
403
403
404
404
404
403
401
394
393
384
382
373
372
364
362
356
355
350
349
346
344
341
341
338
338
336
335
335
335
333
333
333
332
332
332
332
332
332
332
332
332
332
332
332
332
333
333
334
335
336
336
336
336
336
327
327
319
319
313
313
310
309
307
306
304
304
302
301
300
299
298
298
297
296
296
295
295
295
293
293
293
293
292
292
292
292
290
290
290
290
290
290
290
289
289
289
289
289
289
289
289
289
289
289
289
289
289
289
289
289
290
290
290
290
290
290
290
292
292
292
292
293
293
293
295
295
295
295
296
296
296
298
298
299
299
301
301
302
302
304
304
305
305
306
307
309
309
310
310
312
312
313
313
315
315
317
318
318
318
318
318
315
313
309
309
305
304
301
301
298
298
295
295
292
292
290
289
289
287
287
286
285
285
284
284
284
284
282
282
282
282
282
282
282
282
282
281
281
281
281
281
281
281
281
281
282
282
282
282
282
282
284
284
284
284
285
285
285
285
285
285
285
284
284
282
281
279
279
278
278
276
276
275
273
273
273
272
272
270
270
270
269
268
268
267
267
267
267
266
265
265
265
265
265
264
264
264
264
264
264
264
264
264
263
262
262
262
262
262
262
262
262
262
262
262
262
262
262
262
262
262
262
262
262
262
262
262
263
264
264
264
264
264
264
264
264
265
265
265
265
266
267
267
267
268
268
268
270
270
270
272
272
272
273
273
275
275
276
276
278
278
280
281
281
282
284
284
286
287
289
290
290
292
295
295
298
298
301
301
303
304
306
309
309
312
312
315
316
319
319
322
322
325
326
326
327
327
326
321
321
312
312
302
302
293
293
284
285
278
278
272
272
267
267
264
264
261
261
258
258
255
255
253
253
252
251
250
250
249
248
248
248
247
247
247
247
246
245
245
245
245
245
244
244
244
244
244
244
244
244
244
244
244
244
244
244
244
244
245
245
245
245
247
247
247
248
249
250
250
253
253
255
255
255
254
250
251
247
247
244
244
242
241
239
238
238
236
236
235
233
233
233
232
231
230
230
230
228
228
227
227
227
227
225
225
225
224
224
224
224
224
222
222
222
222
221
221
221
221
221
221
221
219
219
219
219
219
219
219
219
218
218
218
218
218
218
218
218
218
218
218
218
218
218
218
216
216
216
216
216
216
216
218
218
218
218
218
218
218
218
218
218
218
218
218
218
219
219
219
219
219
219
219
221
221
221
221
221
222
222
222
224
224
224
224
225
225
225
227
227
227
228
229
230
230
230
232
232
233
233
235
235
236
236
238
238
240
241
241
242
244
244
246
247
247
248
250
251
252
253
253
255
255
255
250
248
231
231
225
225
222
221
219
218
216
216
215
214
213
213
212
211
210
210
208
208
208
207
207
207
206
205
205
205
204
204
204
204
202
202
202
202
202
201
201
201
201
201
201
199
199
199
199
199
199
199
199
199
198
198
198
198
198
198
198
198
198
198
198
198
198
198
198
198
198
198
198
198
198
198
198
198
198
198
198
198
198
199
199
199
199
199
201
201
201
202
202
202
204
204
205
205
207
207
208
208
208
208
204
204
201
201
198
198
196
195
193
193
192
191
190
190
189
188
188
187
187
187
185
185
185
185
184
184
184
184
184
182
182
182
182
182
182
181
181
181
181
181
181
181
181
181
181
181
181
181
179
179
179
179
179
179
179
179
179
179
179
179
181
181
181
181
181
181
181
181
181
182
182
182
182
182
184
184
184
184
185
185
185
187
187
188
188
190
190
191
191
193
193
195
196
198
198
201
201
204
204
207
207
211
211
212
213
213
213
196
196
190
190
187
186
184
184
182
181
181
179
179
178
177
176
176
176
174
174
174
173
173
173
171
171
171
170
170
170
170
168
168
168
168
167
167
167
167
167
165
165
165
165
164
164
164
164
164
164
162
162
162
162
162
162
161
161
161
161
161
161
159
159
159
159
159
159
159
158
157
157
157
157
157
157
156
156
156
156
156
156
156
156
155
154
154
154
154
154
154
154
154
153
153
153
153
153
153
153
153
153
153
152
151
151
151
151
151
151
151
151
151
151
151
151
151
151
150
150
150
150
150
150
150
150
150
150
150
150
150
150
150
150
150
150
150
150
150
150
150
150
151
151
151
151
151
151
151
151
151
151
151
153
153
153
153
153
153
154
154
154
154
155
156
156
156
157
157
157
159
159
159
161
161
162
162
164
165
165
168
168
171
171
176
176
176
177
177
177
167
167
161
160
156
156
154
153
151
151
150
150
148
148
147
147
145
145
144
144
144
142
142
142
141
140
140
140
139
139
139
139
137
137
137
137
136
136
136
136
136
134
134
134
134
134
134
133
133
133
133
133
133
132
131
131
131
131
131
131
131
130
130
130
130
130
130
130
130
130
130
130
128
128
128
128
128
128
128
128
128
128
128
128
128
128
127
127
127
127
127
127
127
127
127
127
127
127
127
127
127
127
127
127
127
127
127
127
127
127
127
127
128
128
128
128
128
128
128
128
128
130
130
130
130
130
131
131
131
131
133
133
133
133
134
134
135
136
136
136
137
138
139
139
141
141
143
144
145
145
147
147
150
150
153
153
156
156
160
160
163
164
167
167
168
168
168
168
168
168
157
157
150
148
144
142
139
139
136
136
134
133
131
131
130
130
128
128
127
127
125
125
125
124
124
124
122
122
122
121
121
120
120
120
119
119
119
119
119
118
117
117
117
117
117
117
116
116
116
116
116
116
116
116
115
114
114
114
114
114
114
114
114
113
113
113
113
113
113
113
113
113
113
111
111
111
111
111
111
111
111
111
111
110
110
110
110
110
110
110
110
110
110
110
110
110
110
108
108
108
108
108
108
108
108
108
108
108
108
108
108
108
108
108
108
107
107
107
107
107
107
107
107
107
107
107
107
107
107
107
107
107
107
107
107
107
107
107
107
107
107
107
107
107
107
107
107
108
108
108
108
108
108
108
108
108
110
110
110
110
110
110
110
111
111
111
111
113
113
113
113
114
114
114
115
116
116
117
117
118
119
120
120
122
122
124
124
125
127
128
128
133
133
136
136
139
139
139
139
139
139
136
136
134
134
131
131
130
130
127
127
125
125
124
122
121
121
119
119
117
117
116
116
114
114
113
113
111
111
110
110
108
108
108
107
107
107
105
105
105
104
103
103
103
103
102
102
102
102
102
101
100
100
100
100
100
100
100
100
100
100
100
100
100
100
100
100
100
100
100
100
100
100
100
100
100
100
100
100
101
102
102
102
102
102
102
103
103
103
103
104
105
105
105
105
107
107
107
107
107
108
108
108
110
110
110
110
111
111
113
113
113
114
114
116
116
116
117
118
119
119
120
121
122
122
124
125
127
127
128
128
131
131
133
134
134
134
134
134
130
127
127
126
122
123
119
119
117
117
114
113
111
110
110
108
108
107
105
105
104
104
102
102
102
101
100
100
99
99
99
97
97
97
96
96
96
96
94
94
94
94
93
93
93
93
93
91
91
91
91
91
90
90
90
90
90
90
90
88
88
88
88
88
88
88
87
87
87
87
87
87
87
87
87
85
85
85
85
85
85
85
85
85
85
84
83
83
83
83
83
83
83
83
83
83
83
83
83
83
82
82
82
82
82
82
82
82
82
82
82
82
82
82
82
82
82
82
82
82
82
82
82
82
82
82
82
82
82
82
82
82
82
82
82
82
82
82
82
82
82
82
82
82
82
82
82
82
82
82
82
82
82
82
82
82
82
82
82
82
83
83
83
83
83
83
83
83
83
84
84
85
85
85
85
85
85
87
87
87
87
88
88
88
88
90
90
90
91
91
93
93
94
94
96
96
99
99
101
101
103
103
108
108
111
111
111
111
105
105
99
99
94
94
93
91
90
90
88
87
87
87
85
85
85
84
83
83
83
83
83
82
82
82
82
82
82
82
82
82
82
82
83
83
83
83
83
83
84
85
85
85
86
87
87
88
88
90
90
91
91
94
94
96
97
100
100
105
105
106
107
107
106
101
101
97
97
94
94
91
91
90
90
87
87
86
85
85
84
83
83
82
82
82
82
80
80
80
80
80
80
79
79
79
79
79
79
79
79
77
77
77
77
77
77
77
77
77
77
76
76
76
76
76
76
76
76
76
76
76
76
74
74
74
74
74
74
74
74
74
74
74
74
74
73
73
73
73
73
73
73
73
73
73
73
73
73
73
73
73
71
71
71
71
71
71
71
71
71
71
71
71
71
71
71
71
70
70
70
70
70
70
70
70
70
70
70
70
70
70
70
70
70
70
70
68
68
68
68
68
68
68
68
68
68
68
68
68
68
68
68
68
68
68
68
67
67
66
66
66
66
66
66
66
66
66
66
66
66
66
66
66
66
66
66
66
66
66
66
65
65
65
65
65
65
65
65
65
65
65
65
65
65
65
65
65
65
65
65
65
65
65
65
65
65
65
65
65
65
65
64
63
63
63
63
63
63
63
63
63
63
63
63
63
63
63
63
63
63
63
63
63
63
63
63
63
63
63
63
63
63
63
63
63
63
64
65
65
65
65
65
65
66
66
66
67
68
68
70
70
71
71
74
74
79
79
80
80
80
80
76
76
73
73
71
71
70
70
68
68
66
66
66
65
65
65
65
65
63
63
63
63
63
63
63
63
63
62
62
62
62
62
62
62
62
62
62
62
62
62
62
61
60
60
60
60
60
60
60
60
60
60
60
60
60
60
60
60
60
60
59
59
59
59
59
59
59
59
59
59
59
59
59
59
59
59
59
59
59
59
59
59
59
59
59
57
57
57
57
57
57
57
57
57
57
57
57
57
57
57
57
57
57
57
57
57
57
57
57
57
57
57
57
57
57
57
56
56
56
56
56
56
56
56
56
56
56
56
56
56
56
56
56
56
56
56
56
56
56
56
56
56
56
56
56
56
56
56
56
56
56
56
56
56
56
56
56
56
56
56
54
54
54
54
54
54
54
54
54
54
54
54
54
54
54
54
54
54
54
54
54
54
54
54
54
54
54
54
54
54
54
54
54
54
54
54
54
54
54
54
54
54
54
54
54
54
54
54
54
54
54
54
54
54
54
54
54
54
54
54
54
54
54
54
54
54
54
54
54
54
54
54
54
54
54
54
54
54
54
54
54
54
54
54
54
54
54
54
54
54
54
54
54
54
54
54
54
54
54
54
54
54
54
54
54
54
54
54
54
54
54
54
54
54
54
54
56
56
56
56
56
56
56
56
56
56
57
57
57
57
59
59
59
59
60
60
62
62
62
63
64
65
66
66
68
68
71
71
73
73
73
73
71
71
68
68
65
65
63
63
61
60
59
59
57
57
56
56
54
53
53
51
51
51
50
49
48
48
48
47
46
46
45
45
45
44
43
43
43
42
42
42
41
40
40
40
39
39
39
39
39
37
37
37
37
36
36
36
36
36
34
34
34
34
34
33
33
33
33
33
33
31
31
31
31
31
30
29
29
29
29
29
28
28
28
28
28
28
28
27
26
26
26
26
26
26
25
25
25
25
25
25
25
24
23
23
23
23
23
23
23
22
22
22
22
22
22
22
22
22
20
20
20
20
20
20
20
20
20
19
19
19
19
19
19
19
19
19
19
17
17
17
17
17
17
17
17
17
17
17
16
16
16
16
16
16
16
16
16
16
16
16
14
14
14
14
14
14
14
14
14
14
14
14
14
14
13
13
13
13
13
13
13
12
11
11
11
11
11
11
10
9
9
9
9
9
8
8
8
8
8
8
8
6
6
6
6
6
6
6
5
5
5
5
5
5
3
3
3
3
2
2
2
2
0
0
0
0
-1
-1
-1
-1
-3
-3
-3
-3
-4
-4
-4
-4
-6
-6
-6
-6
-7
-8
-8
-9
-9
-9
-10
-11
-12
-12
-12
-14
-15
-15
-15
-18
-18
-20
-20
-21
-21
-23
-23
-25
-25
-26
-26
-26
-26
-28
-28
-28
-29
-29
-29
-30
-31
-31
-31
-32
-32
-32
-32
-32
-32
-32
-32
-32
-32
-32
-32
-32
-32
-32
-34
-34
-34
-34
-35
-35
-35
-35
-35
-37
-37
-37
-38
-38
-38
-38
-40
-40
-40
-41
-41
-41
-41
-43
-43
-43
-44
-45
-45
-45
-46
-46
-46
-46
-48
-48
-48
-48
-48
-49
-49
-49
-49
-49
-49
-50
-51
-51
-51
-51
-51
-51
-51
-51
-51
-51
-51
-51
-51
-51
-51
-51
-51
-51
-51
-51
-51
-51
-51
-51
-51
-51
-51
-51
-51
-51
-51
-51
-51
-51
-51
-51
-51
-51
-51
-51
-51
-51
-51
-51
-51
-51
-51
-51
-51
-51
-51
-51
-51
-51
-51
-51
-51
-51
-51
-51
-51
-51
-51
-51
-51
-51
-51
-51
-51
-51
-51
-51
-51
-51
-51
-51
-51
-51
-51
-51
-51
-51
-51
-51
-51
-51
-51
-51
-51
-51
-51
-51
-52
-52
-52
-52
-52
-52
-52
-52
-52
-52
-52
-52
-52
-52
-52
-52
-52
-52
-52
-52
-52
-52
-52
-52
-53
-54
-54
-54
-55
-55
-55
-57
-58
-60
-61
-63
-63
-63
-68
-68
-72
-72
-75
-77
-77
-77
-77
-77
-77
-77
-77
-75
-72
-71
-68
-68
-66
-66
-65
-65
-64
-63
-63
-63
-62
-62
-61
-60
-60
-60
-60
-60
-60
-58
-58
-58
-58
-58
-58
-58
-57
-57
-57
-57
-57
-57
-57
-57
-57
-57
-55
-55
-55
-55
-55
-55
-55
-55
-55
-55
-55
-55
-55
-55
-55
-55
-55
-55
-55
-55
-55
-55
-55
-55
-55
-55
-55
-55
-55
-55
-55
-55
-55
-55
-55
-55
-55
-55
-55
-55
-55
-55
-55
-55
-55
-55
-55
-55
-55
-55
-55
-55
-55
-55
-55
-55
-55
-55
-55
-55
-55
-55
-57
-57
-57
-57
-57
-57
-57
-57
-57
-57
-57
-57
-57
-57
-57
-58
-58
-58
-58
-58
-58
-58
-58
-58
-58
-58
-60
-60
-60
-60
-60
-60
-60
-60
-61
-62
-62
-62
-62
-63
-63
-65
-65
-66
-68
-67
-71
-71
-75
-75
-80
-80
-85
-86
-86
-88
-88
-88
-88
-86
-86
-85
-83
-83
-80
-79
-75
-75
-72
-72
-71
-71
-69
-69
-68
-68
-67
-66
-66
-66
-65
-65
-65
-64
-63
-63
-63
-63
-63
-62
-62
-62
-62
-62
-61
-61
-61
-60
-60
-60
-60
-60
-60
-60
-60
-60
-60
-60
-60
-60
-60
-60
-60
-60
-58
-58
-58
-58
-58
-58
-58
-58
-58
-58
-60
-60
-60
-60
-60
-60
-60
-60
-60
-60
-60
-60
-60
-60
-60
-60
-60
-60
-60
-60
-60
-60
-61
-61
-61
-62
-62
-62
-62
-62
-62
-62
-62
-62
-62
-63
-63
-63
-63
-63
-63
-63
-63
-63
-63
-63
-64
-65
-65
-65
-65
-65
-65
-65
-65
-66
-66
-66
-66
-66
-66
-66
-66
-66
-66
-67
-68
-68
-68
-68
-68
-69
-69
-69
-69
-71
-71
-72
-72
-72
-74
-75
-75
-77
-77
-78
-80
-80
-82
-82
-86
-86
-91
-91
-91
-91
-91
-91
-89
-89
-85
-85
-82
-82
-79
-78
-77
-77
-75
-75
-75
-74
-74
-74
-74
-74
-72
-72
-72
-72
-72
-72
-72
-72
-72
-72
-72
-72
-72
-72
-72
-72
-72
-71
-71
-71
-71
-71
-71
-71
-71
-72
-72
-72
-72
-72
-72
-72
-72
-72
-72
-72
-72
-72
-72
-72
-72
-72
-72
-72
-72
-72
-72
-72
-72
-72
-74
-74
-74
-74
-74
-74
-74
-74
-74
-74
-74
-75
-75
-75
-75
-75
-75
-75
-77
-77
-77
-80
-80
-86
-86
-91
-91
-92
-92
-92
-91
-91
-91
-88
-88
-83
-83
-80
-80
-79
-78
-78
-77
-77
-75
-75
-75
-75
-75
-74
-74
-74
-74
-74
-74
-74
-74
-72
-72
-72
-72
-72
-72
-72
-72
-72
-72
-72
-72
-72
-72
-72
-71
-71
-71
-71
-71
-71
-71
-71
-71
-71
-71
-71
-71
-71
-71
-71
-71
-71
-71
-71
-71
-71
-71
-71
-71
-71
-71
-71
-71
-71
-71
-71
-71
-71
-71
-71
-71
-71
-71
-71
-71
-71
-71
-71
-71
-71
-71
-71
-71
-71
-71
-71
-71
-71
-71
-71
-71
-71
-71
-72
-72
-72
-72
-72
-72
-72
-72
-72
-72
-72
-72
-72
-72
-72
-72
-72
-72
-72
-72
-72
-72
-72
-72
-72
-72
-72
-72
-74
-74
-74
-74
-74
-74
-74
-74
-74
-74
-74
-74
-74
-74
-74
-74
-74
-74
-75
-75
-75
-75
-75
-75
-75
-75
-75
-75
-75
-75
-75
-75
-75
-75
-77
-77
-77
-77
-77
-77
-77
-77
-77
-77
-77
-77
-78
-78
-78
-78
-78
-78
-80
-80
-80
-80
-82
-82
-83
-83
-85
-85
-88
-88
-91
-91
-95
-97
-102
-102
-105
-105
-106
-106
-106
-106
-106
-104
-103
-97
-97
-92
-91
-88
-88
-86
-85
-83
-83
-83
-83
-82
-82
-82
-81
-80
-80
-80
-80
-80
-80
-78
-78
-78
-78
-78
-78
-78
-78
-78
-78
-78
-78
-78
-78
-78
-78
-78
-78
-78
-78
-78
-78
-78
-78
-78
-78
-78
-78
-78
-78
-78
-78
-78
-78
-78
-78
-78
-78
-78
-78
-78
-78
-78
-80
-80
-80
-80
-80
-80
-80
-80
-80
-80
-80
-80
-81
-81
-82
-82
-82
-82
-82
-82
-82
-82
-82
-82
-83
-83
-83
-83
-83
-83
-83
-83
-83
-83
-84
-85
-85
-85
-85
-85
-85
-85
-85
-85
-86
-86
-86
-86
-86
-86
-86
-88
-88
-88
-89
-89
-89
-90
-91
-91
-92
-92
-94
-94
-95
-96
-100
-100
-103
-103
-103
-103
-103
-103
-103
-102
-101
-100
-98
-98
-97
-95
-95
-94
-92
-92
-92
-92
-91
-91
-91
-91
-91
-91
-91
-89
-89
-89
-89
-89
-89
-89
-89
-89
-89
-89
-89
-89
-89
-89
-89
-89
-89
-89
-89
-89
-89
-89
-89
-90
-91
-91
-91
-91
-91
-91
-91
-91
-91
-91
-91
-91
-91
-91
-91
-91
-92
-92
-92
-92
-92
-92
-92
-92
-92
-92
-92
-92
-94
-94
-94
-94
-94
-94
-94
-94
-94
-94
-95
-95
-95
-95
-95
-95
-95
-95
-95
-95
-97
-97
-97
-97
-97
-97
-97
-97
-97
-98
-98
-99
-99
-99
-99
-99
-99
-100
-100
-100
-100
-100
-100
-100
-100
-100
-101
-102
-102
-102
-102
-102
-102
-102
-103
-103
-103
-103
-103
-103
-103
-103
-105
-105
-105
-105
-105
-105
-105
-106
-106
-106
-106
-106
-106
-106
-106
-108
-108
-108
-108
-108
-108
-108
-109
-109
-109
-109
-109
-109
-109
-109
-111
-111
-111
-111
-111
-111
-112
-112
-112
-112
-112
-112
-112
-112
-114
-114
-114
-114
-114
-114
-114
-115
-115
-115
-115
-115
-115
-116
-117
-117
-117
-117
-117
-117
-118
-118
-119
-119
-119
-119
-119
-120
-120
-120
-120
-120
-120
-120
-121
-122
-122
-122
-122
-122
-122
-123
-123
-123
-123
-123
-123
-123
-125
-125
-125
-125
-125
-125
-125
-126
-126
-126
-126
-126
-126
-126
-128
-128
-128
-128
-128
-128
-128
-129
-129
-129
-129
-129
-129
-129
-131
-131
-131
-131
-132
-132
-132
-132
-132
-134
-134
-134
-135
-136
-136
-137
-137
-139
-139
-140
-140
-141
-143
-143
-146
-146
-159
-159
-168
-171
-171
-172
-173
-173
-172
-172
-171
-169
-168
-168
-165
-165
-162
-162
-159
-159
-156
-156
-154
-154
-151
-151
-149
-149
-148
-148
-146
-146
-145
-145
-143
-143
-142
-142
-140
-140
-140
-139
-139
-139
-138
-137
-137
-137
-137
-136
-136
-136
-135
-135
-134
-134
-134
-134
-134
-134
-132
-132
-132
-132
-132
-132
-132
-132
-131
-131
-131
-131
-131
-131
-131
-131
-131
-131
-131
-131
-131
-129
-129
-129
-129
-129
-129
-129
-129
-129
-129
-129
-129
-129
-129
-131
-131
-131
-131
-131
-131
-131
-131
-131
-131
-131
-131
-131
-131
-131
-131
-131
-131
-131
-131
-131
-131
-131
-131
-131
-131
-132
-132
-132
-132
-132
-132
-132
-132
-132
-132
-132
-132
-134
-134
-134
-134
-134
-134
-134
-134
-135
-135
-136
-136
-136
-136
-136
-137
-137
-137
-137
-137
-137
-138
-139
-139
-139
-139
-139
-140
-140
-140
-140
-140
-141
-142
-142
-142
-142
-143
-143
-143
-143
-143
-145
-145
-145
-145
-146
-146
-146
-146
-146
-148
-148
-148
-148
-149
-149
-149
-149
-149
-151
-151
-151
-152
-152
-152
-152
-153
-154
-154
-154
-157
-157
-160
-160
-163
-165
-168
-168
-172
-173
-175
-176
-177
-177
-179
-179
-179
-179
-179
-179
-178
-177
-177
-176
-176
-174
-174
-173
-172
-171
-171
-169
-169
-168
-168
-166
-166
-166
-166
-165
-165
-165
-163
-163
-163
-163
-162
-162
-162
-162
-162
-160
-160
-160
-160
-160
-160
-160
-159
-159
-159
-159
-159
-159
-159
-159
-159
-159
-159
-159
-159
-159
-159
-159
-159
-159
-159
-159
-159
-159
-159
-159
-159
-159
-159
-159
-159
-159
-159
-159
-159
-159
-160
-160
-160
-160
-160
-160
-160
-160
-161
-162
-162
-162
-162
-162
-163
-163
-163
-163
-165
-165
-165
-165
-166
-166
-166
-166
-168
-168
-168
-169
-169
-171
-171
-171
-172
-172
-173
-174
-174
-175
-176
-177
-177
-178
-179
-180
-180
-181
-183
-183
-185
-185
-186
-186
-189
-189
-191
-191
-194
-194
-196
-196
-199
-199
-202
-202
-203
-204
-206
-206
-209
-209
-211
-211
-211
-211
-211
-211
-211
-211
-209
-208
-208
-206
-204
-203
-203
-202
-200
-199
-199
-197
-196
-194
-194
-193
-193
-191
-191
-189
-188
-188
-188
-186
-186
-185
-185
-185
-183
-183
-183
-182
-182
-182
-182
-180
-180
-180
-180
-179
-179
-179
-179
-177
-177
-177
-177
-177
-177
-176
-176
-176
-176
-176
-176
-175
-174
-174
-174
-174
-174
-174
-174
-174
-174
-174
-173
-173
-173
-173
-173
-173
-173
-173
-173
-173
-173
-173
-173
-173
-173
-173
-173
-173
-173
-173
-173
-173
-174
-174
-174
-174
-174
-174
-174
-174
-174
-174
-174
-175
-176
-176
-176
-176
-176
-177
-177
-177
-177
-177
-177
-178
-179
-179
-179
-180
-180
-180
-180
-181
-182
-182
-183
-183
-183
-185
-185
-186
-186
-186
-189
-189
-191
-191
-194
-194
-196
-196
-199
-199
-202
-202
-205
-205
-209
-209
-213
-213
-216
-217
-219
-219
-220
-220
-220
-220
-220
-220
-220
-220
-219
-219
-219
-217
-217
-216
-215
-214
-213
-213
-211
-210
-209
-208
-208
-206
-206
-206
-205
-205
-205
-203
-203
-203
-202
-202
-202
-200
-200
-200
-200
-199
-199
-199
-198
-197
-197
-197
-197
-196
-196
-196
-195
-194
-194
-194
-194
-194
-193
-193
-193
-193
-193
-193
-192
-191
-191
-191
-191
-191
-191
-191
-191
-191
-191
-191
-191
-191
-191
-191
-191
-191
-192
-193
-193
-193
-193
-193
-193
-193
-193
-193
-193
-194
-194
-194
-194
-194
-194
-194
-195
-196
-196
-196
-196
-197
-197
-197
-197
-199
-199
-199
-200
-200
-200
-202
-202
-203
-203
-205
-205
-206
-206
-208
-210
-210
-213
-213
-216
-216
-220
-221
-227
-227
-237
-237
-265
-265
-279
-280
-280
-280
-280
-280
-280
-280
-280
-279
-277
-277
-274
-274
-270
-270
-267
-267
-264
-263
-260
-260
-257
-257
-255
-254
-253
-253
-250
-250
-248
-248
-245
-245
-243
-243
-241
-240
-240
-239
-239
-237
-236
-236
-234
-234
-233
-233
-231
-231
-230
-229
-228
-228
-228
-227
-226
-225
-225
-225
-223
-223
-223
-223
-222
-222
-222
-220
-220
-220
-220
-220
-220
-219
-219
-219
-219
-219
-219
-219
-217
-217
-217
-217
-217
-217
-217
-217
-217
-217
-217
-217
-217
-217
-217
-217
-217
-217
-217
-217
-219
-219
-219
-219
-219
-219
-219
-219
-219
-220
-220
-220
-220
-220
-220
-220
-222
-222
-222
-222
-222
-223
-223
-223
-223
-225
-225
-225
-226
-227
-227
-228
-228
-228
-228
-230
-231
-231
-231
-233
-233
-234
-235
-237
-237
-239
-240
-242
-242
-243
-247
-247
-253
-253
-266
-268
-268
-268
-268
-268
-268
-268
-268
-267
-267
-266
-265
-265
-265
-264
-263
-262
-262
-262
-260
-260
-260
-260
-259
-259
-259
-259
-259
-257
-257
-257
-257
-257
-257
-257
-257
-257
-257
-257
-257
-257
-257
-257
-257
-257
-257
-257
-257
-257
-259
-259
-259
-259
-259
-260
-260
-260
-260
-262
-262
-263
-264
-265
-267
-267
-270
-271
-274
-276
-275
-282
-283
-293
-292
-312
-322
-322
-325
-325
-325
-327
-327
-327
-327
-327
-327
-327
-327
-325
-324
-321
-321
-318
-317
-314
-314
-311
-311
-308
-308
-307
-306
-304
-304
-302
-301
-299
-299
-297
-297
-296
-296
-294
-293
-292
-291
-291
-290
-290
-290
-288
-288
-287
-287
-286
-285
-285
-285
-284
-284
-284
-283
-282
-282
-282
-282
-282
-280
-280
-280
-280
-280
-280
-280
-280
-280
-279
-279
-279
-279
-279
-279
-279
-279
-279
-279
-279
-279
-279
-279
-279
-279
-279
-279
-279
-279
-280
-280
-280
-280
-280
-280
-280
-280
-282
-282
-282
-282
-282
-283
-284
-284
-284
-285
-285
-285
-285
-287
-287
-287
-288
-288
-289
-290
-290
-291
-291
-293
-293
-294
-294
-297
-297
-299
-299
-302
-302
-305
-305
-308
-310
-314
-314
-321
-321
-328
-328
-337
-338
-342
-342
-344
-344
-344
-344
-344
-344
-344
-342
-342
-341
-340
-339
-338
-336
-336
-334
-334
-333
-333
-331
-331
-331
-331
-330
-330
-330
-330
-328
-328
-328
-328
-328
-328
-328
-328
-328
-328
-330
-330
-330
-330
-330
-331
-331
-331
-331
-333
-333
-333
-334
-334
-336
-336
-337
-337
-339
-339
-341
-341
-344
-344
-348
-348
-351
-353
-357
-358
-362
-363
-368
-370
-376
-377
-385
-385
-395
-395
-404
-405
-416
-416
-425
-426
-430
-430
-433
-433
-435
-435
-435
-435
-435
-435
-435
-433
-433
-432
-431
-429
-428
-425
-425
-421
-421
-418
-417
-413
-413
-410
-408
-405
-405
-402
-401
-398
-398
-395
-395
-392
-392
-388
-388
-387
-385
-384
-384
-382
-382
-379
-379
-378
-378
-376
-376
-375
-375
-373
-373
-371
-371
-371
-370
-370
-370
-368
-368
-368
-367
-367
-367
-367
-365
-365
-365
-365
-365
-365
-365
-364
-364
-364
-364
-364
-364
-364
-364
-364
-364
-364
-364
-364
-364
-364
-364
-364
-364
-364
-364
-364
-364
-364
-365
-365
-365
-365
-365
-365
-365
-365
-365
-367
-367
-367
-367
-367
-368
-368
-368
-368
-368
-370
-370
-370
-370
-371
-371
-371
-371
-371
-373
-373
-374
-374
-376
-376
-378
-378
-381
-381
-384
-385
-413
-413
-418
-419
-419
-419
-419
-418
-416
-416
-412
-412
-409
-408
-405
-405
-401
-401
-398
-398
-394
-395
-390
-390
-387
-387
-387
-384
-384
-382
-381
-379
-379
-378
-378
-376
-376
-376
-376
-376
-375
-375
-376
-376
-376
-376
-376
-381
-381
-390
-390
-396
-396
-399
-399
-401
-401
-401
-401
-401
-399
-398
-398
-395
-395
-392
-392
-390
-390
-388
-387
-385
-385
-385
-384
-384
-384
-382
-382
-382
-381
-381
-381
-381
-379
-379
-379
-379
-379
-379
-379
-379
-379
-379
-379
-379
-379
-379
-379
-379
-379
-379
-379
-381
-381
-381
-381
-382
-382
-382
-382
-384
-384
-384
-385
-385
-385
-387
-387
-388
-388
-390
-390
-391
-392
-393
-394
-394
-396
-397
-398
-399
-401
-401
-402
-403
-405
-405
-408
-409
-413
-413
-418
-418
-424
-424
-432
-432
-439
-439
-449
-449
-459
-460
-470
-470
-481
-481
-487
-487
-489
-489
-489
-489
-489
-488
-487
-487
-485
-484
-482
-482
-479
-479
-476
-476
-475
-475
-473
-473
-472
-471
-470
-469
-468
-467
-467
-466
-465
-464
-464
-462
-462
-461
-459
-459
-458
-456
-456
-455
-455
-453
-453
-452
-452
-450
-450
-449
-448
-447
-447
-445
-444
-444
-442
-442
-442
-439
-439
-439
-438
-436
-436
-435
-435
-433
-433
-432
-432
-430
-430
-429
-428
-427
-427
-425
-425
-424
-424
-422
-422
-422
-421
-419
-419
-419
-418
-418
-418
-416
-416
-416
-416
-415
-415
-415
-415
-414
-413
-413
-413
-413
-413
-413
-413
-413
-413
-412
-412
-412
-412
-412
-412
-412
-412
-412
-412
-412
-412
-412
-413
-413
-413
-413
-413
-413
-413
-415
-415
-415
-416
-416
-416
-418
-418
-419
-419
-420
-422
-421
-424
-424
-427
-427
-430
-430
-436
-436
-449
-449
-452
-453
-453
-453
-453
-453
-451
-450
-445
-444
-437
-436
-432
-432
-427
-427
-424
-424
-424
-422
-422
-422
-422
-422
-430
-430
-432
-432
-432
-432
-431
-430
-427
-427
-427
-425
-424
-422
-422
-421
-421
-419
-419
-419
-419
-419
-419
-419
-419
-419
-421
-421
-422
-424
-427
-427
-427
-432
-432
-436
-436
-436
-436
-436
-436
-436
-436
-435
-435
-433
-433
-430
-430
-427
-427
-425
-425
-425
-424
-424
-424
-424
-424
-424
-422
-422
-422
-422
-422
-422
-422
-422
-422
-422
-422
-422
-422
-422
-422
-422
-422
-424
-424
-424
-424
-424
-424
-424
-424
-424
-424
-425
-425
-425
-425
-425
-425
-425
-425
-425
-427
-427
-427
-427
-427
-427
-428
-428
-428
-428
-428
-429
-430
-430
-430
-430
-430
-430
-431
-432
-432
-432
-432
-433
-433
-433
-433
-434
-435
-435
-435
-436
-436
-436
-436
-438
-438
-438
-439
-439
-439
-441
-441
-441
-442
-442
-444
-444
-445
-445
-447
-447
-449
-449
-452
-452
-453
-453
-456
-456
-459
-459
-461
-462
-464
-464
-467
-467
-470
-470
-475
-475
-478
-478
-482
-482
-486
-486
-490
-492
-495
-496
-501
-501
-507
-508
-515
-515
-523
-523
-532
-533
-538
-538
-539
-541
-541
-542
-543
-543
-543
-543
-543
-543
-543
-541
-541
-540
-540
-537
-536
-533
-533
-527
-526
-521
-520
-515
-514
-509
-509
-504
-503
-498
-498
-493
-493
-489
-489
-484
-484
-481
-479
-476
-476
-473
-473
-471
-471
-469
-469
-467
-467
-467
-466
-466
-466
-466
-466
-466
-466
-466
-466
-467
-467
-469
-469
-472
-472
-475
-475
-478
-478
-479
-479
-481
-481
-481
-481
-481
-481
-479
-478
-478
-475
-475
-472
-471
-469
-467
-464
-464
-461
-461
-458
-458
-455
-455
-452
-452
-449
-449
-447
-445
-444
-444
-442
-442
-441
-441
-441
-439
-439
-439
-439
-438
-438
-438
-438
-436
-436
-436
-436
-436
-436
-436
-436
-435
-435
-435
-435
-435
-435
-435
-435
-435
-435
-434
-433
-433
-433
-433
-433
-433
-433
-433
-433
-433
-433
-433
-433
-433
-433
-433
-433
-433
-433
-433
-433
-433
-433
-433
-433
-433
-433
-433
-433
-433
-433
-433
-433
-433
-433
-433
-433
-433
-434
-435
-435
-435
-435
-435
-435
-435
-435
-435
-436
-436
-436
-436
-436
-436
-437
-438
-438
-438
-439
-439
-439
-439
-441
-441
-442
-442
-442
-445
-445
-447
-447
-449
-449
-452
-452
-455
-455
-459
-459
-462
-464
-467
-467
-470
-470
-473
-473
-479
-479
-484
-484
-487
-487
-488
-489
-489
-489
-489
-489
-489
-489
-487
-487
-485
-484
-484
-481
-481
-478
-478
-475
-475
-472
-471
-469
-468
-466
-466
-464
-462
-461
-459
-458
-458
-456
-456
-455
-453
-453
-453
-450
-450
-450
-450
-448
-448
-447
-447
-445
-445
-445
-445
-444
-444
-444
-442
-442
-442
-442
-442
-441
-441
-441
-441
-441
-441
-441
-439
-439
-439
-439
-439
-439
-439
-439
-439
-439
-439
-439
-439
-439
-439
-439
-439
-441
-441
-441
-441
-442
-442
-444
-444
-447
-447
-450
-450
-455
-455
-461
-462
-468
-469
-471
-472
-473
-473
-473
-473
-473
-473
-473
-470
-469
-458
-458
-450
-450
-445
-444
-441
-439
-436
-436
-435
-434
-432
-432
-431
-430
-430
-429
-428
-428
-427
-427
-427
-425
-425
-425
-424
-424
-424
-424
-422
-422
-422
-422
-422
-422
-421
-421
-421
-421
-421
-421
-421
-420
-419
-419
-419
-419
-419
-419
-419
-419
-419
-419
-419
-419
-419
-419
-419
-419
-419
-419
-419
-419
-419
-419
-419
-419
-419
-419
-419
-419
-419
-419
-419
-419
-419
-419
-419
-419
-419
-419
-419
-419
-419
-419
-419
-419
-419
-419
-421
-421
-421
-421
-421
-421
-421
-421
-421
-421
-421
-421
-422
-422
-422
-422
-422
-422
-422
-422
-422
-422
-422
-424
-424
-424
-424
-424
-424
-424
-424
-425
-425
-425
-425
-425
-425
-425
-425
-425
-427
-427
-427
-427
-427
-427
-427
-427
-427
-427
-427
-427
-427
-427
-427
-427
-427
-427
-428
-428
-428
-428
-428
-428
-428
-428
-428
-429
-430
-430
-430
-430
-430
-430
-430
-430
-431
-432
-432
-432
-432
-432
-432
-433
-433
-433
-433
-433
-434
-435
-435
-435
-435
-435
-436
-436
-436
-436
-436
-438
-438
-438
-438
-439
-439
-439
-439
-441
-441
-441
-441
-442
-442
-442
-442
-444
-444
-444
-445
-445
-447
-447
-447
-447
-449
-449
-452
-452
-453
-454
-456
-458
-459
-461
-464
-464
-468
-469
-473
-473
-477
-478
-482
-483
-487
-488
-492
-493
-496
-498
-499
-501
-502
-503
-504
-504
-504
-504
-504
-504
-504
-502
-501
-498
-496
-493
-492
-488
-487
-484
-484
-481
-479
-477
-476
-473
-473
-471
-470
-468
-468
-466
-466
-462
-462
-461
-461
-458
-458
-456
-456
-453
-453
-452
-452
-450
-450
-447
-447
-446
-445
-444
-444
-442
-442
-441
-439
-439
-438
-438
-436
-435
-435
-433
-433
-431
-431
-430
-430
-428
-427
-427
-425
-425
-424
-424
-422
-422
-421
-421
-419
-419
-419
-418
-418
-416
-416
-416
-415
-415
-413
-413
-412
-412
-411
-410
-410
-410
-408
-408
-407
-407
-407
-405
-405
-405
-404
-404
-404
-404
-402
-402
-402
-402
-401
-401
-401
-399
-399
-399
-399
-399
-398
-398
-398
-398
-397
-396
-396
-396
-396
-396
-395
-395
-395
-395
-395
-395
-395
-394
-393
-393
-393
-393
-393
-393
-393
-393
-392
-392
-391
-391
-391
-391
-391
-391
-391
-390
-390
-390
-390
-390
-390
-390
-390
-390
-388
-388
-388
-388
-388
-388
-388
-387
-387
-387
-387
-387
-387
-385
-385
-385
-385
-385
-385
-385
-385
-384
-384
-384
-384
-384
-384
-384
-384
-384
-384
-384
-382
-382
-382
-382
-382
-382
-382
-382
-382
-382
-382
-382
-382
-382
-382
-382
-382
-382
-382
-382
-382
-382
-382
-382
-382
-382
-382
-382
-382
-382
-382
-382
-382
-382
-382
-382
-382
-382
-382
-382
-382
-382
-382
-382
-382
-382
-382
-382
-382
-382
-382
-384
-384
-384
-384
-384
-384
-384
-384
-384
-384
-384
-384
-384
-384
-384
-384
-384
-384
-384
-384
-384
-384
-385
-385
-385
-385
-385
-385
-385
-385
-385
-385
-385
-385
-385
-385
-385
-385
-385
-387
-387
-387
-387
-387
-388
-388
-388
-388
-390
-390
-390
-391
-391
-391
-392
-393
-393
-395
-395
-395
-396
-396
-397
-398
-398
-399
-399
-401
-401
-402
-402
-404
-404
-405
-405
-407
-408
-408
-410
-411
-412
-413
-413
-413
-419
-419
-421
-421
-422
-422
-422
-422
-422
-422
-421
-421
-419
-419
-416
-416
-410
-410
-402
-402
-398
-398
-394
-394
-392
-392
-390
-390
-388
-388
-388
-387
-387
-385
-385
-385
-385
-384
-384
-382
-382
-382
-382
-382
-381
-381
-381
-381
-381
-380
-380
-379
-380
-380
-381
-381
-388
-388
-390
-390
-390
-390
-390
-390
-390
-385
-385
-379
-378
-375
-375
-373
-373
-371
-371
-370
-370
-368
-368
-367
-367
-365
-365
-365
-364
-364
-362
-362
-362
-361
-361
-359
-359
-359
-358
-358
-358
-356
-356
-356
-354
-354
-354
-353
-353
-351
-351
-351
-350
-350
-350
-348
-348
-347
-347
-347
-345
-345
-345
-344
-344
-344
-342
-342
-342
-341
-341
-340
-339
-339
-338
-337
-337
-336
-336
-336
-334
-334
-333
-333
-333
-331
-331
-331
-330
-330
-328
-328
-327
-327
-325
-325
-324
-324
-322
-322
-321
-321
-319
-319
-318
-317
-316
-316
-314
-314
-313
-313
-311
-311
-310
-310
-308
-308
-305
-305
-304
-304
-302
-302
-301
-301
-299
-299
-296
-296
-294
-294
-293
-293
-291
-291
-288
-288
-288
-287
-287
-287
-291
-291
-294
-294
-296
-296
-296
-296
-296
-296
-294
-294
-290
-290
-288
-288
-286
-285
-285
-284
-283
-282
-282
-280
-280
-280
-279
-279
-279
-277
-277
-277
-277
-277
-276
-276
-276
-276
-276
-276
-274
-274
-274
-274
-274
-274
-274
-274
-274
-274
-274
-273
-273
-273
-273
-273
-273
-273
-273
-274
-274
-274
-274
-274
-274
-276
-276
-276
-276
-277
-277
-277
-277
-279
-279
-279
-279
-279
-280
-280
-280
-280
-280
-280
-280
-279
-279
-277
-276
-270
-270
-265
-265
-261
-260
-257
-257
-255
-254
-254
-253
-251
-251
-249
-248
-248
-247
-246
-245
-245
-243
-243
-242
-240
-240
-239
-239
-237
-237
-236
-236
-234
-234
-233
-233
-233
-231
-231
-230
-230
-230
-229
-228
-228
-227
-227
-226
-225
-225
-225
-223
-223
-223
-222
-222
-222
-220
-220
-220
-219
-219
-219
-217
-217
-217
-216
-216
-216
-214
-214
-214
-213
-213
-213
-211
-211
-211
-210
-210
-210
-208
-208
-208
-206
-206
-206
-205
-205
-205
-203
-203
-203
-202
-202
-202
-200
-200
-200
-199
-199
-198
-197
-197
-197
-196
-196
-195
-194
-194
-193
-193
-192
-191
-191
-191
-190
-189
-188
-188
-188
-186
-186
-186
-185
-185
-183
-183
-183
-182
-182
-182
-180
-180
-179
-179
-178
-177
-177
-177
-176
-176
-174
-174
-173
-173
-172
-171
-171
-169
-169
-169
-168
-168
-166
-166
-165
-165
-163
-163
-163
-162
-161
-160
-160
-159
-158
-157
-157
-156
-156
-155
-154
-154
-152
-152
-151
-151
-149
-149
-148
-148
-146
-145
-145
-143
-143
-142
-142
-140
-140
-139
-138
-137
-136
-135
-134
-132
-132
-131
-129
-129
-128
-126
-126
-124
-123
-122
-122
-119
-119
-117
-116
-114
-114
-111
-111
-108
-108
-105
-105
-102
-102
-99
-98
-67
-55
-42
-30
-29
-21
-13
-8
0

