18
15
11
7
3
0
-4
-7
-10
-14
-17
-20
-23
-26
-29
-32
-35
-37
-40
-43
-45
-48
-50
-53
-55
-58
-60
-62
-65
-67
-69
-71
-73
-75
-77
-79
-81
-83
-85
-87
-88
-90
-92
-93
-95
-97
-98
-100
-101
-103
-104
-105
-107
-108
-109
-111
-112
-113
-114
-115
-116
-118
-119
-120
-122
-123
-124
-126
-127
-129
-130
-132
-133
-135
-137
-138
-140
-142
-143
-145
-147
-148
-150
-152
-154
-156
-157
-159
-161
-163
-165
-167
-168
-170
-172
-174
-176
-178
-180
-182
-184
-186
-188
-190
-191
-193
-195
-197
-199
-201
-203
-205
-207
-209
-211
-213
-215
-217
-219
-221
-223
-225
-227
-229
-231
-233
-235
-237
-239
-241
-243
-245
-247
-249
-251
-253
-255
-257
-259
-261
-263
-265
-267
-269
-271
-273
-275
-277
-279
-281
-282
-284
-286
-288
-290
-292
-294
-296
-298
-300
-302
-304
-305
-307
-309
-311
-313
-315
-316
-318
-320
-322
-324
-325
-327
-329
-331
-332
-334
-336
-337
-339
-341
-342
-344
-345
-347
-349
-350
-352
-353
-355
-356
-358
-359
-360
-362
-363
-365
-366
-367
-368
-370
-371
-372
-373
-374
-375
-376
-377
-378
-379
-380
-381
-382
-382
-383
-384
-385
-386
-386
-387
-388
-389
-390
-390
-391
-392
-393
-393
-394
-395
-396
-397
-397
-398
-399
-400
-401
-402
-402
-403
-404
-405
-406
-406
-407
-408
-409
-409
-410
-411
-412
-412
-413
-414
-415
-415
-416
-417
-418
-418
-419
-420
-421
-421
-422
-423
-424
-425
-425
-426
-427
-428
-429
-430
-431
-431
-432
-434
-435
-436
-437
-439
-440
-442
-444
-447
-450
-453
-455
-457
-458
-460
-462
-463
-465
-466
-467
-469
-470
-471
-472
-474
-475
-476
-477
-478
-479
-481
-482
-483
-484
-485
-486
-487
-488
-489
-490
-491
-492
-493
-494
-495
-496
-497
-498
-499
-500
-501
-502
-502
-503
-504
-505
-506
-507
-508
-508
-509
-510
-511
-512
-512
-513
-514
-515
-515
-516
-517
-518
-518
-519
-520
-520
-521
-522
-522
-523
-524
-524
-525
-526
-526
-527
-527
-528
-529
-529
-530
-531
-531
-532
-532
-533
-534
-534
-535
-535
-536
-537
-537
-538
-539
-539
-540
-540
-541
-542
-542
-543
-544
-544
-545
-545
-546
-547
-547
-548
-548
-549
-550
-550
-551
-551
-552
-553
-553
-554
-555
-555
-556
-556
-557
-558
-558
-559
-559
-560
-561
-561
-562
-562
-563
-564
-564
-565
-565
-566
-567
-567
-568
-568
-569
-570
-570
-571
-572
-572
-573
-573
-574
-575
-575
-576
-576
-577
-578
-578
-579
-579
-580
-581
-581
-582
-582
-583
-584
-584
-585
-585
-586
-587
-587
-588
-588
-589
-590
-590
-591
-591
-592
-592
-593
-594
-594
-595
-595
-596
-597
-597
-598
-598
-599
-600
-600
-601
-601
-602
-603
-603
-604
-604
-605
-605
-606
-607
-607
-608
-608
-609
-610
-610
-611
-611
-612
-612
-613
-614
-614
-615
-615
-616
-616
-617
-618
-618
-619
-619
-620
-620
-621
-622
-622
-623
-623
-624
-624
-625
-625
-626
-627
-627
-628
-628
-629
-629
-630
-631
-631
-632
-633
-633
-634
-635
-635
-636
-637
-637
-638
-639
-640
-640
-641
-642
-643
-644
-645
-645
-646
-647
-648
-649
-650
-651
-652
-653
-654
-655
-656
-657
-658
-659
-660
-662
-663
-664
-665
-667
-667
-668
-667
-667
-666
-666
-665
-665
-664
-663
-663
-662
-662
-661
-661
-660
-660
-660
-659
-659
-659
-658
-658
-658
-658
-657
-657
-657
-657
-657
-658
-658
-658
-658
-659
-660
-660
-661
-663
-664
-666
-668
-671
-674
-677
-680
-683
-686
-690
-693
-695
-696
-696
-696
-696
-695
-695
-694
-694
-694
-693
-693
-693
-692
-692
-692
-691
-691
-691
-691
-690
-690
-690
-690
-690
-690
-689
-689
-689
-689
-689
-689
-689
-689
-688
-688
-688
-688
-688
-688
-688
-688
-688
-689
-689
-689
-689
-689
-689
-689
-689
-690
-690
-690
-690
-691
-691
-691
-691
-692
-692
-692
-693
-693
-694
-694
-695
-695
-696
-696
-697
-697
-698
-698
-699
-700
-701
-701
-702
-703
-703
-704
-704
-705
-706
-706
-707
-707
-708
-709
-709
-710
-710
-711
-711
-712
-712
-713
-713
-713
-714
-714
-715
-715
-715
-716
-716
-716
-717
-717
-717
-717
-718
-718
-718
-718
-718
-719
-719
-719
-719
-719
-719
-719
-719
-720
-723
-726
-728
-731
-734
-736
-739
-742
-744
-747
-749
-749
-750
-750
-749
-749
-748
-748
-747
-747
-746
-746
-745
-745
-745
-744
-744
-744
-743
-743
-743
-743
-742
-742
-742
-742
-742
-742
-742
-741
-741
-741
-741
-741
-741
-741
-741
-741
-741
-741
-741
-741
-742
-742
-742
-742
-742
-742
-743
-743
-743
-743
-744
-744
-744
-745
-745
-745
-746
-746
-746
-747
-747
-748
-748
-748
-749
-749
-749
-749
-750
-750
-750
-751
-751
-751
-751
-751
-752
-752
-752
-752
-752
-753
-753
-753
-753
-753
-753
-754
-754
-754
-754
-754
-754
-754
-754
-755
-755
-755
-755
-755
-755
-755
-755
-755
-755
-755
-756
-756
-756
-756
-756
-756
-756
-756
-756
-756
-756
-756
-756
-757
-757
-757
-757
-757
-757
-757
-757
-757
-757
-757
-758
-758
-758
-758
-758
-758
-758
-758
-759
-759
-759
-759
-759
-759
-759
-760
-760
-760
-760
-760
-760
-761
-761
-761
-761
-762
-762
-762
-762
-763
-763
-763
-764
-764
-764
-765
-765
-765
-766
-766
-767
-767
-768
-768
-769
-770
-770
-771
-772
-772
-773
-773
-774
-775
-775
-776
-777
-777
-778
-779
-779
-780
-781
-782
-782
-783
-784
-784
-785
-786
-787
-789
-789
-789
-789
-788
-785
-782
-779
-776
-773
-771
-768
-766
-764
-762
-760
-758
-756
-755
-753
-752
-751
-749
-748
-747
-746
-745
-744
-743
-742
-742
-741
-740
-740
-739
-739
-739
-738
-738
-738
-738
-737
-737
-737
-737
-737
-737
-738
-738
-738
-738
-739
-739
-739
-740
-740
-741
-741
-742
-742
-743
-743
-744
-744
-745
-746
-746
-747
-747
-748
-748
-749
-749
-750
-751
-751
-752
-752
-753
-753
-754
-755
-755
-756
-756
-757
-757
-758
-758
-759
-760
-760
-761
-761
-762
-762
-763
-763
-764
-765
-765
-765
-765
-765
-765
-765
-765
-765
-765
-765
-764
-764
-764
-764
-764
-764
-764
-764
-764
-763
-763
-763
-763
-763
-763
-763
-763
-763
-763
-762
-762
-762
-762
-762
-762
-762
-762
-762
-762
-762
-761
-761
-761
-761
-761
-761
-761
-761
-761
-761
-761
-761
-761
-761
-761
-761
-761
-761
-761
-761
-761
-762
-762
-762
-763
-763
-763
-764
-764
-765
-765
-766
-766
-767
-767
-768
-768
-769
-769
-770
-770
-771
-772
-772
-773
-773
-774
-774
-775
-776
-776
-777
-778
-778
-779
-779
-780
-781
-781
-782
-783
-783
-784
-785
-785
-786
-787
-788
-788
-789
-790
-790
-791
-792
-792
-793
-794
-795
-795
-796
-797
-798
-798
-799
-800
-801
-801
-802
-803
-804
-805
-806
-806
-807
-807
-807
-807
-807
-807
-806
-805
-804
-803
-802
-801
-800
-799
-798
-797
-796
-795
-793
-792
-791
-790
-789
-788
-787
-786
-785
-784
-782
-781
-780
-779
-778
-778
-777
-776
-775
-774
-773
-773
-772
-771
-771
-770
-770
-770
-770
-770
-770
-771
-771
-771
-771
-771
-771
-772
-772
-772
-772
-773
-773
-773
-773
-773
-774
-774
-774
-774
-775
-775
-775
-775
-775
-776
-776
-776
-776
-777
-777
-777
-777
-777
-778
-778
-778
-778
-779
-779
-779
-779
-779
-780
-780
-780
-780
-781
-781
-781
-781
-781
-782
-782
-782
-782
-782
-783
-783
-783
-783
-784
-784
-784
-784
-784
-784
-785
-785
-785
-785
-785
-786
-786
-786
-786
-786
-786
-787
-787
-787
-787
-787
-787
-787
-788
-788
-788
-788
-788
-788
-788
-788
-788
-788
-789
-789
-789
-789
-789
-789
-789
-789
-789
-789
-789
-789
-788
-788
-788
-788
-788
-788
-787
-787
-787
-787
-786
-786
-786
-786
-785
-785
-785
-784
-784
-784
-783
-783
-783
-782
-782
-782
-781
-781
-780
-780
-780
-779
-779
-778
-778
-777
-777
-777
-776
-776
-775
-775
-774
-774
-774
-773
-773
-772
-772
-771
-771
-771
-770
-770
-769
-769
-768
-768
-768
-767
-767
-766
-766
-765
-765
-765
-764
-764
-764
-763
-763
-762
-762
-762
-761
-761
-761
-761
-760
-760
-760
-760
-759
-759
-759
-759
-759
-759
-759
-759
-759
-759
-760
-760
-760
-760
-761
-761
-761
-762
-762
-762
-763
-763
-763
-764
-764
-765
-765
-765
-766
-766
-767
-768
-768
-769
-769
-769
-769
-769
-769
-769
-768
-768
-768
-768
-767
-767
-767
-767
-766
-766
-766
-766
-766
-765
-765
-765
-765
-765
-764
-764
-764
-764
-764
-764
-764
-764
-764
-764
-763
-763
-763
-763
-763
-763
-763
-763
-764
-764
-764
-764
-764
-764
-764
-763
-763
-763
-763
-763
-763
-762
-761
-760
-759
-757
-754
-750
-744
-735
-726
-717
-711
-706
-701
-698
-695
-693
-691
-689
-688
-686
-685
-684
-684
-683
-682
-682
-682
-681
-681
-681
-681
-681
-681
-681
-680
-680
-680
-680
-680
-680
-680
-680
-680
-680
-680
-680
-680
-680
-680
-681
-681
-681
-681
-681
-681
-681
-681
-682
-682
-682
-682
-682
-683
-683
-683
-683
-684
-684
-684
-684
-685
-685
-685
-686
-686
-686
-687
-687
-687
-688
-688
-688
-689
-689
-690
-690
-691
-691
-691
-692
-692
-693
-693
-694
-694
-695
-695
-696
-696
-697
-697
-698
-698
-698
-698
-698
-697
-696
-695
-694
-693
-691
-690
-689
-687
-686
-685
-683
-682
-680
-679
-677
-676
-674
-673
-671
-670
-668
-667
-665
-664
-662
-660
-659
-657
-657
-656
-656
-655
-655
-655
-654
-654
-654
-653
-653
-653
-653
-653
-652
-652
-652
-652
-652
-652
-652
-652
-652
-652
-652
-652
-651
-651
-652
-652
-652
-652
-652
-652
-652
-652
-652
-652
-652
-652
-653
-653
-653
-653
-653
-654
-654
-654
-654
-654
-655
-655
-655
-655
-656
-656
-656
-657
-657
-657
-657
-658
-658
-658
-659
-659
-660
-660
-660
-661
-661
-661
-662
-662
-663
-663
-664
-664
-665
-665
-665
-666
-666
-667
-667
-668
-668
-669
-669
-670
-670
-671
-671
-671
-671
-670
-669
-667
-662
-655
-646
-639
-634
-629
-625
-622
-619
-617
-615
-613
-612
-610
-609
-608
-607
-606
-605
-604
-604
-603
-603
-602
-602
-602
-601
-601
-601
-601
-601
-601
-601
-601
-601
-601
-602
-602
-602
-602
-602
-603
-603
-603
-603
-603
-604
-604
-604
-604
-604
-605
-605
-605
-605
-605
-606
-606
-606
-606
-606
-607
-607
-607
-607
-607
-608
-608
-608
-608
-608
-609
-609
-609
-609
-609
-610
-610
-610
-610
-611
-611
-611
-611
-611
-611
-611
-611
-611
-611
-611
-610
-610
-610
-610
-610
-610
-610
-610
-610
-610
-610
-610
-610
-610
-610
-610
-610
-610
-610
-610
-610
-610
-610
-610
-610
-610
-610
-610
-610
-610
-610
-610
-610
-610
-610
-610
-611
-611
-611
-611
-611
-611
-611
-611
-611
-611
-612
-612
-612
-612
-612
-612
-613
-613
-613
-613
-614
-614
-614
-614
-615
-615
-615
-616
-616
-617
-617
-618
-618
-619
-620
-621
-622
-623
-625
-625
-625
-625
-624
-622
-617
-612
-607
-602
-598
-594
-590
-586
-582
-578
-575
-571
-568
-565
-562
-559
-556
-554
-551
-549
-546
-544
-542
-540
-538
-536
-534
-532
-530
-528
-527
-525
-524
-522
-521
-520
-518
-517
-516
-515
-514
-513
-512
-511
-511
-510
-509
-509
-508
-508
-507
-507
-506
-506
-506
-506
-505
-505
-505
-505
-505
-505
-505
-504
-504
-504
-504
-504
-504
-504
-504
-504
-505
-505
-505
-505
-505
-505
-505
-505
-506
-506
-506
-506
-507
-507
-507
-507
-508
-508
-508
-509
-509
-509
-510
-510
-510
-511
-511
-512
-512
-513
-513
-514
-514
-515
-515
-516
-516
-517
-517
-518
-518
-519
-519
-520
-521
-521
-522
-523
-523
-524
-525
-525
-526
-527
-527
-528
-529
-530
-530
-531
-532
-533
-534
-535
-535
-536
-536
-536
-536
-535
-533
-532
-530
-529
-528
-527
-525
-524
-523
-522
-521
-520
-519
-518
-517
-516
-515
-515
-514
-513
-512
-512
-511
-510
-510
-509
-508
-508
-507
-507
-506
-506
-506
-505
-505
-505
-504
-504
-504
-504
-503
-503
-503
-503
-503
-503
-503
-503
-503
-502
-502
-502
-502
-502
-502
-502
-502
-502
-503
-503
-503
-503
-503
-503
-503
-503
-503
-503
-503
-503
-503
-503
-503
-503
-503
-503
-503
-503
-503
-503
-503
-503
-503
-503
-503
-503
-503
-503
-503
-503
-503
-503
-503
-503
-503
-503
-503
-503
-503
-503
-503
-503
-503
-503
-503
-503
-503
-503
-503
-503
-503
-503
-502
-501
-501
-500
-499
-498
-497
-497
-496
-495
-494
-493
-493
-492
-491
-490
-489
-489
-488
-487
-486
-485
-485
-484
-483
-482
-482
-481
-480
-479
-479
-478
-478
-478
-477
-477
-476
-475
-475
-474
-474
-473
-472
-472
-471
-470
-470
-469
-468
-467
-466
-465
-465
-464
-463
-462
-461
-460
-459
-457
-456
-455
-454
-452
-451
-449
-447
-446
-443
-440
-436
-431
-422
-409
-387
-362
-344
-331
-322
-315
-309
-304
-299
-296
-293
-290
-287
-285
-283
-282
-280
-279
-278
-277
-276
-275
-274
-273
-272
-271
-271
-270
-269
-268
-268
-267
-267
-266
-266
-265
-265
-264
-264
-264
-263
-263
-263
-262
-262
-262
-262
-261
-261
-261
-261
-261
-261
-261
-261
-260
-260
-260
-260
-260
-260
-260
-260
-260
-261
-261
-261
-261
-261
-261
-261
-261
-262
-262
-262
-262
-262
-263
-263
-263
-264
-264
-264
-264
-265
-265
-266
-266
-266
-267
-267
-268
-268
-269
-269
-270
-270
-271
-271
-272
-272
-273
-274
-274
-275
-276
-276
-276
-276
-276
-276
-276
-276
-275
-275
-275
-274
-274
-274
-273
-273
-273
-272
-272
-272
-271
-271
-271
-270
-270
-270
-269
-269
-269
-269
-268
-268
-268
-268
-268
-267
-267
-267
-267
-267
-267
-267
-267
-266
-266
-266
-266
-266
-266
-267
-267
-267
-267
-267
-267
-267
-267
-268
-268
-268
-268
-269
-269
-269
-269
-270
-270
-271
-271
-271
-272
-272
-273
-273
-274
-274
-275
-275
-276
-277
-277
-278
-279
-279
-280
-281
-282
-282
-283
-284
-285
-286
-286
-286
-287
-286
-286
-286
-285
-284
-283
-282
-280
-279
-277
-275
-274
-272
-270
-268
-267
-265
-264
-262
-261
-259
-258
-257
-256
-254
-253
-252
-251
-250
-250
-249
-248
-247
-247
-246
-245
-245
-244
-244
-244
-243
-243
-243
-242
-242
-242
-242
-242
-242
-242
-241
-241
-241
-241
-241
-241
-241
-241
-241
-242
-242
-242
-242
-242
-242
-242
-242
-242
-242
-243
-243
-243
-243
-243
-243
-244
-244
-244
-244
-244
-245
-245
-245
-245
-245
-246
-246
-246
-246
-247
-247
-247
-248
-248
-248
-248
-249
-249
-249
-250
-250
-250
-251
-251
-251
-252
-252
-252
-253
-253
-253
-254
-254
-254
-255
-255
-255
-255
-255
-255
-252
-248
-245
-242
-239
-236
-234
-232
-230
-228
-226
-225
-223
-222
-220
-219
-218
-216
-215
-214
-213
-213
-212
-211
-210
-210
-209
-209
-208
-208
-207
-207
-206
-206
-206
-206
-206
-205
-205
-205
-205
-205
-205
-206
-206
-206
-206
-206
-206
-207
-207
-207
-208
-208
-208
-209
-209
-210
-210
-211
-211
-211
-212
-212
-213
-213
-214
-214
-215
-215
-216
-216
-217
-217
-218
-218
-219
-219
-220
-220
-221
-221
-222
-223
-223
-224
-224
-225
-225
-226
-226
-227
-228
-228
-229
-229
-230
-231
-231
-232
-232
-233
-233
-234
-235
-235
-236
-236
-237
-237
-238
-239
-239
-240
-240
-241
-241
-242
-242
-242
-243
-243
-244
-244
-244
-245
-245
-245
-245
-245
-245
-245
-245
-245
-245
-245
-244
-244
-243
-243
-242
-241
-240
-239
-238
-236
-235
-234
-232
-231
-229
-228
-227
-225
-224
-222
-221
-220
-218
-217
-215
-214
-213
-211
-210
-208
-207
-206
-204
-203
-202
-201
-199
-198
-197
-195
-194
-193
-192
-191
-189
-188
-187
-186
-185
-184
-183
-182
-181
-180
-179
-178
-177
-176
-175
-175
-174
-173
-172
-172
-171
-170
-170
-169
-169
-168
-168
-167
-167
-167
-167
-166
-166
-166
-167
-167
-167
-167
-167
-167
-167
-167
-167
-167
-167
-167
-167
-167
-167
-167
-167
-166
-166
-166
-166
-166
-166
-165
-165
-165
-165
-164
-164
-164
-163
-163
-163
-163
-162
-162
-162
-161
-161
-161
-160
-160
-160
-160
-159
-159
-159
-158
-158
-158
-158
-158
-158
-157
-157
-157
-158
-158
-158
-159
-160
-161
-162
-163
-164
-165
-165
-166
-167
-167
-168
-168
-168
-169
-169
-170
-170
-170
-171
-171
-171
-172
-172
-172
-173
-173
-173
-173
-174
-174
-174
-174
-175
-175
-175
-175
-176
-176
-176
-176
-176
-177
-177
-177
-177
-178
-178
-178
-178
-178
-178
-179
-179
-179
-179
-179
-180
-180
-180
-180
-180
-180
-181
-181
-181
-181
-181
-181
-182
-182
-182
-182
-182
-182
-183
-183
-183
-183
-183
-183
-183
-184
-184
-184
-184
-184
-184
-184
-184
-185
-185
-185
-185
-185
-185
-185
-185
-185
-184
-181
-177
-173
-170
-167
-164
-161
-158
-156
-153
-151
-149
-146
-144
-142
-140
-138
-137
-135
-133
-132
-130
-129
-128
-127
-126
-125
-124
-123
-122
-122
-121
-121
-120
-120
-120
-120
-120
-120
-120
-120
-120
-121
-121
-121
-121
-121
-121
-121
-121
-122
-122
-122
-122
-122
-122
-122
-122
-122
-123
-123
-123
-123
-123
-123
-123
-123
-123
-123
-123
-123
-123
-123
-123
-124
-124
-124
-124
-124
-124
-124
-124
-124
-124
-124
-124
-124
-124
-124
-124
-124
-124
-124
-124
-124
-124
-124
-124
-124
-124
-124
-124
-124
-124
-124
-124
-124
-124
-123
-116
-113
-110
-108
-107
-105
-104
-103
-102
-101
-100
-100
-99
-98
-98
-97
-97
-97
-96
-96
-96
-96
-96
-95
-95
-95
-95
-95
-95
-95
-95
-95
-95
-95
-95
-95
-95
-96
-96
-96
-96
-96
-96
-97
-97
-97
-97
-97
-98
-98
-98
-98
-99
-99
-99
-99
-99
-100
-100
-100
-100
-100
-101
-101
-101
-101
-101
-102
-102
-102
-102
-102
-103
-103
-103
-103
-103
-104
-104
-104
-104
-104
-105
-105
-105
-105
-105
-106
-106
-106
-107
-107
-107
-108
-108
-109
-109
-109
-110
-110
-110
-111
-111
-112
-112
-112
-113
-113
-113
-114
-114
-115
-115
-115
-115
-115
-115
-116
-116
-116
-116
-116
-116
-116
-116
-117
-117
-117
-117
-117
-117
-117
-117
-118
-118
-118
-118
-118
-118
-118
-119
-119
-119
-119
-119
-119
-119
-120
-120
-120
-120
-120
-120
-121
-121
-121
-121
-121
-121
-122
-122
-122
-122
-122
-122
-123
-123
-123
-123
-123
-123
-124
-124
-124
-124
-124
-125
-125
-125
-125
-125
-126
-126
-126
-126
-126
-127
-127
-127
-127
-128
-128
-128
-128
-129
-129
-129
-129
-129
-130
-130
-130
-130
-131
-131
-131
-131
-131
-131
-131
-131
-132
-132
-132
-132
-132
-132
-132
-132
-132
-132
-132
-132
-131
-131
-131
-131
-131
-131
-131
-130
-130
-130
-129
-129
-129
-128
-128
-128
-127
-127
-127
-126
-126
-126
-125
-125
-125
-124
-124
-124
-124
-124
-124
-124
-124
-124
-124
-124
-124
-125
-125
-125
-125
-126
-126
-126
-127
-127
-127
-128
-128
-129
-129
-129
-130
-130
-131
-131
-132
-132
-133
-133
-134
-134
-135
-135
-136
-136
-137
-137
-138
-139
-139
-140
-140
-141
-142
-142
-143
-143
-144
-145
-145
-146
-147
-147
-147
-147
-146
-143
-140
-137
-134
-131
-128
-126
-123
-121
-118
-116
-114
-112
-110
-108
-106
-104
-102
-100
-98
-97
-95
-93
-92
-90
-89
-87
-86
-85
-83
-82
-81
-80
-79
-78
-77
-76
-75
-74
-73
-72
-71
-71
-70
-69
-69
-68
-68
-67
-67
-66
-66
-65
-65
-65
-64
-64
-64
-64
-64
-64
-64
-63
-63
-63
-63
-63
-63
-63
-63
-62
-62
-62
-62
-62
-62
-61
-61
-61
-61
-61
-60
-60
-60
-60
-60
-59
-59
-59
-59
-59
-58
-58
-58
-58
-57
-57
-57
-57
-57
-56
-56
-56
-56
-55
-55
-55
-55
-54
-54
-54
-54
-53
-53
-53
-52
-52
-52
-52
-51
-51
-51
-51
-50
-50
-50
-49
-49
-49
-49
-48
-48
-48
-48
-47
-47
-47
-46
-46
-46
-46
-45
-45
-45
-45
-44
-44
-44
-43
-43
-43
-43
-42
-42
-42
-42
-41
-41
-41
-41
-40
-40
-40
-40
-39
-39
-39
-39
-38
-38
-38
-38
-37
-37
-37
-37
-36
-36
-36
-36
-36
-35
-35
-35
-35
-35
-34
-34
-34
-34
-34
-34
-33
-33
-33
-33
-33
-33
-33
-33
-32
-32
-32
-32
-32
-32
-32
-32
-32
-32
-32
-32
-32
-32
-32
-32
-32
-32
-33
-33
-33
-33
-33
-34
-34
-34
-35
-35
-36
-37
-37
-38
-39
-40
-41
-42
-43
-44
-45
-46
-47
-48
-50
-50
-51
-52
-53
-54
-55
-56
-57
-57
-58
-58
-58
-58
-58
-56
-54
-51
-50
-48
-47
-46
-45
-44
-43
-42
-41
-40
-39
-39
-38
-37
-37
-36
-36
-35
-35
-34
-34
-34
-33
-33
-33
-32
-32
-32
-31
-31
-31
-31
-31
-30
-30
-30
-30
-30
-30
-30
-29
-29
-29
-29
-29
-29
-29
-29
-29
-29
-29
-29
-29
-29
-29
-29
-29
-29
-29
-29
-29
-30
-30
-30
-30
-30
-30
-30
-30
-30
-31
-31
-31
-31
-31
-31
-31
-32
-32
-32
-32
-32
-33
-33
-33
-33
-33
-34
-34
-34
-34
-35
-35
-35
-35
-35
-36
-36
-36
-37
-37
-37
-37
-38
-38
-38
-38
-39
-39
-39
-39
-40
-40
-40
-40
-41
-41
-41
-41
-42
-42
-42
-42
-43
-43
-43
-43
-44
-44
-44
-44
-45
-45
-45
-45
-46
-46
-46
-46
-47
-47
-47
-47
-48
-48
-48
-48
-49
-49
-49
-50
-50
-50
-50
-51
-51
-51
-51
-52
-52
-52
-52
-53
-53
-53
-53
-54
-54
-54
-54
-55
-55
-55
-55
-56
-56
-56
-56
-57
-57
-57
-58
-58
-58
-58
-59
-59
-59
-59
-60
-60
-60
-60
-61
-61
-61
-61
-62
-62
-62
-63
-63
-63
-63
-64
-64
-64
-63
-55
-47
-42
-39
-36
-33
-31
-29
-28
-26
-25
-24
-22
-21
-20
-19
-19
-18
-17
-16
-16
-15
-15
-14
-14
-13
-13
-13
-12
-12
-12
-12
-11
-11
-11
-11
-11
-11
-10
-10
-10
-10
-10
-10
-10
-10
-10
-10
-11
-11
-11
-11
-11
-11
-11
-11
-12
-12
-12
-12
-12
-13
-13
-13
-13
-14
-14
-14
-14
-14
-15
-15
-15
-15
-16
-16
-16
-16
-17
-17
-17
-17
-18
-18
-18
-18
-19
-19
-19
-20
-20
-20
-20
-21
-21
-21
-22
-22
-22
-23
-23
-23
-24
-24
-24
-25
-25
-25
-26
-26
-26
-27
-27
-28
-28
-28
-29
-29
-30
-30
-30
-31
-31
-32
-32
-33
-33
-33
-34
-34
-35
-35
-36
-36
-37
-37
-38
-39
-39
-40
-40
-41
-42
-42
-43
-44
-45
-45
-45
-45
-44
-43
-42
-41
-41
-40
-39
-38
-37
-37
-36
-35
-34
-34
-33
-32
-32
-31
-31
-30
-29
-29
-28
-28
-27
-27
-26
-26
-25
-25
-25
-24
-24
-23
-23
-23
-22
-22
-22
-21
-21
-21
-21
-20
-20
-20
-20
-20
-20
-20
-19
-19
-19
-19
-19
-19
-19
-19
-19
-19
-19
-20
-20
-20
-20
-20
-21
-21
-21
-21
-22
-22
-22
-23
-23
-24
-24
-24
-25
-25
-26
-27
-27
-28
-28
-29
-29
-30
-30
-31
-32
-32
-33
-33
-34
-34
-35
-35
-36
-36
-37
-38
-38
-39
-39
-40
-40
-41
-41
-42
-42
-43
-44
-44
-45
-45
-46
-46
-47
-47
-48
-48
-49
-49
-50
-50
-51
-52
-52
-53
-53
-54
-54
-55
-55
-56
-56
-57
-57
-58
-58
-59
-59
-60
-60
-61
-62
-62
-63
-63
-64
-64
-65
-65
-66
-66
-67
-67
-68
-68
-69
-69
-70
-70
-71
-71
-72
-72
-73
-73
-72
-72
-70
-69
-67
-66
-65
-63
-62
-61
-60
-58
-57
-56
-55
-54
-53
-52
-51
-50
-49
-48
-47
-46
-45
-44
-43
-43
-42
-41
-40
-40
-39
-38
-38
-37
-37
-36
-36
-36
-35
-35
-34
-34
-34
-33
-33
-33
-33
-32
-32
-32
-31
-31
-31
-31
-30
-30
-30
-30
-30
-29
-29
-29
-29
-29
-28
-28
-28
-28
-28
-28
-27
-27
-27
-27
-27
-27
-27
-26
-26
-26
-26
-26
-26
-26
-26
-25
-25
-25
-25
-25
-25
-25
-25
-25
-25
-25
-24
-24
-24
-24
-24
-24
-24
-24
-24
-24
-24
-24
-24
-24
-24
-24
-24
-23
-23
-23
-23
-23
-23
-23
-23
-23
-23
-23
-23
-23
-23
-23
-23
-23
-23
-23
-23
-23
-23
-23
-23
-23
-23
-23
-23
-23
-23
-23
-23
-23
-23
-23
-23
-23
-23
-23
-23
-23
-23
-23
-23
-23
-23
-23
-23
-23
-23
-23
-23
-23
-24
-24
-24
-24
-24
-24
-24
-24
-24
-24
-24
-24
-24
-24
-24
-24
-24
-24
-24
-25
-25
-25
-25
-25
-25
-25
-25
-25
-25
-25
-25
-25
-25
-26
-26
-26
-26
-26
-26
-26
-26
-26
-26
-26
-27
-27
-27
-27
-27
-27
-27
-27
-27
-28
-28
-28
-28
-28
-28
-28
-28
-29
-29
-29
-29
-29
-29
-30
-30
-30
-30
-30
-30
-31
-31
-31
-31
-31
-31
-32
-32
-32
-32
-33
-33
-33
-33
-33
-34
-34
-34
-35
-35
-35
-36
-36
-37
-37
-38
-38
-38
-39
-39
-39
-39
-39
-39
-39
-39
-38
-38
-38
-38
-38
-38
-37
-37
-37
-37
-37
-36
-36
-36
-35
-34
-33
-32
-31
-30
-30
-29
-28
-27
-26
-25
-24
-23
-22
-21
-20
-20
-19
-18
-17
-16
-15
-14
-13
-12
-11
-11
-10
-9
-8
-7
-6
-5
-4
-3
-2
-1
-1
0
1
2
3
4
5
6
7
8
8
9
10
11
12
13
14
15
16
17
18
18
19
20
21
22
23
24
25
26
27
27
28
29
30
31
32
33
34
35
36
36
37
38
39
42
44
47
49
51
53
55
57
59
61
63
65
66
68
70
71
73
75
76
78
79
81
82
84
85
86
88
89
90
92
93
94
96
97
98
99
101
102
103
104
105
107
108
109
110
111
112
114
115
116
117
119
120
121
123
124
126
127
129
130
132
133
135
137
138
140
142
143
145
147
149
150
152
154
156
158
159
161
163
165
167
169
171
173
174
176
178
180
182
184
186
188
190
192
194
196
198
200
202
204
206
208
210
212
214
216
218
220
222
224
226
228
230
232
234
236
238
240
242
244
246
248
250
252
254
255
257
259
261
263
265
267
269
271
273
275
277
279
281
283
285
287
289
291
293
294
296
298
300
302
304
306
308
309
311
313
315
317
318
320
322
324
325
327
329
331
332
334
336
337
339
341
342
344
345
347
349
350
352
353
355
356
357
359
360
362
363
364
366
367
368
369
370
371
373
374
375
376
376
377
378
379
380
380
381
382
383
384
384
385
386
387
388
388
389
390
391
392
392
393
394
395
396
396
397
398
399
400
400
401
402
403
404
404
405
406
407
407
408
409
409
410
411
412
413
413
414
415
416
416
417
418
419
419
420
421
422
423
423
424
425
426
427
428
429
430
431
432
433
434
436
437
439
441
443
445
448
451
453
455
457
459
460
462
463
464
466
467
468
469
471
472
473
474
475
477
478
479
480
481
482
483
484
485
486
487
488
489
490
491
492
493
494
495
496
497
498
499
500
501
501
502
503
504
505
506
507
507
508
509
510
510
511
512
513
513
514
515
516
516
517
518
518
519
520
520
521
521
522
523
523
524
524
525
526
526
527
527
528
529
529
530
531
531
532
532
533
534
534
535
535
536
537
537
538
538
539
540
540
541
542
542
543
543
544
545
545
546
546
547
548
548
549
549
550
551
551
552
553
553
554
554
555
556
556
557
557
558
559
559
560
560
561
562
562
563
563
564
565
565
566
566
567
568
568
569
570
570
571
571
572
573
573
574
574
575
576
576
577
577
578
579
579
580
580
581
582
582
583
583
584
585
585
586
586
587
588
588
589
589
590
591
591
592
592
593
594
594
595
595
596
597
597
598
598
599
599
600
601
601
602
602
603
604
604
605
605
606
607
607
608
608
609
609
610
611
611
612
612
613
614
614
615
615
616
616
617
618
618
619
619
620
620
621
621
622
623
624
625
626
626
627
628
629
630
631
631
632
633
634
635
636
636
637
638
639
640
641
641
642
643
644
645
646
646
647
648
649
650
651
651
652
653
654
655
656
657
657
658
659
660
661
662
662
662
662
661
660
660
659
659
658
658
657
657
656
656
656
655
655
655
654
654
654
654
654
653
653
653
653
653
653
653
654
654
654
654
655
655
656
656
657
658
659
660
661
662
664
667
669
672
675
678
681
684
688
691
690
690
690
689
689
689
688
688
688
688
687
687
687
687
686
686
686
686
686
685
685
685
685
685
685
685
685
685
685
684
684
684
684
684
684
684
684
685
685
685
685
685
685
685
685
685
685
686
686
686
686
686
687
687
687
688
688
688
689
689
689
690
690
691
691
692
692
693
693
694
694
695
696
696
697
698
698
699
700
700
701
702
702
703
703
704
705
705
706
706
707
707
708
708
709
709
710
710
710
711
711
712
712
712
713
713
713
713
714
714
714
714
714
715
715
715
715
715
715
715
715
715
715
715
716
717
718
719
720
721
722
723
724
725
726
727
728
729
730
731
732
733
734
735
736
737
738
739
740
739
739
738
738
738
737
737
737
737
736
736
736
736
736
736
736
736
736
736
736
736
736
736
737
737
737
737
737
737
738
738
738
738
739
739
739
740
740
740
741
741
741
742
742
743
743
743
744
744
744
745
745
745
746
746
746
747
747
747
747
747
748
748
748
748
748
749
749
749
749
749
749
750
750
750
750
750
750
750
750
751
751
751
751
751
751
751
751
751
751
751
752
752
752
752
752
752
752
752
752
752
752
752
753
753
753
753
753
753
753
753
753
753
753
754
754
754
754
754
754
754
754
754
755
755
755
755
755
755
755
756
756
756
756
756
756
757
757
757
757
758
758
758
758
759
759
759
759
760
760
760
761
761
762
762
762
763
763
764
764
765
766
766
767
767
768
769
769
770
771
771
772
773
773
774
775
775
776
777
777
778
779
779
780
781
782
779
776
773
771
768
766
764
762
760
758
756
754
753
751
750
749
747
746
745
744
743
742
741
740
740
739
738
737
737
736
736
735
735
735
734
734
734
734
734
733
733
733
733
733
733
733
733
734
734
734
734
734
735
735
735
736
736
737
737
738
738
739
739
740
740
741
742
742
743
743
744
744
745
745
746
747
747
748
748
749
749
750
751
751
752
752
753
753
754
754
755
756
756
757
757
758
758
759
759
760
761
761
761
761
761
761
761
761
760
760
760
760
760
760
760
760
760
759
759
759
759
759
759
759
759
759
759
758
758
758
758
758
758
758
758
758
758
758
758
757
757
757
757
757
757
757
757
757
757
757
757
757
757
757
757
757
757
757
757
757
757
758
758
758
759
759
759
760
760
760
761
761
762
762
763
763
764
764
765
765
766
766
767
768
768
769
769
770
770
771
772
772
773
774
774
775
775
776
777
777
778
779
779
780
781
781
782
783
783
784
785
785
786
787
788
788
789
790
790
791
792
793
793
794
795
796
796
797
798
799
799
800
801
802
803
802
801
800
799
798
797
796
795
794
793
791
790
789
788
787
786
785
784
783
781
780
779
778
777
776
775
775
774
773
772
771
770
770
769
768
768
767
767
767
766
766
766
766
766
766
766
766
767
767
767
767
767
767
768
768
768
768
768
769
769
769
769
770
770
770
770
770
771
771
771
771
772
772
772
772
772
773
773
773
773
774
774
774
774
775
775
775
775
775
776
776
776
776
777
777
777
777
777
778
778
778
778
778
779
779
779
779
779
780
780
780
780
780
781
781
781
781
781
782
782
782
782
782
782
783
783
783
783
783
783
783
784
784
784
784
784
784
784
784
784
785
785
785
785
785
785
785
785
785
785
785
784
784
784
784
784
784
783
783
783
783
782
782
782
781
781
781
780
780
780
779
779
779
778
778
778
777
777
776
776
776
775
775
774
774
773
773
773
772
772
771
771
770
770
770
769
769
768
768
767
767
767
766
766
765
765
764
764
764
763
763
762
762
761
761
761
760
760
760
759
759
759
758
758
758
757
757
757
756
756
756
756
756
755
755
755
755
755
755
755
755
755
755
755
755
756
756
756
756
757
757
757
757
758
758
758
759
759
759
760
760
761
761
762
762
762
763
764
764
765
765
765
764
764
764
764
763
763
763
763
762
762
762
762
762
761
761
761
761
761
761
760
760
760
760
760
760
760
760
760
760
760
759
759
759
759
759
759
760
760
760
760
760
760
760
760
760
759
759
759
758
757
755
751
745
737
727
718
712
706
702
698
695
693
691
689
687
686
684
683
682
681
681
680
679
679
678
678
678
677
677
677
677
677
677
677
677
676
676
676
676
676
676
676
676
676
676
676
676
676
676
676
676
677
677
677
677
677
677
677
677
677
678
678
678
678
678
679
679
679
679
680
680
680
680
681
681
681
681
682
682
682
683
683
684
684
684
685
685
685
686
686
687
687
688
688
688
689
689
690
690
691
691
692
692
693
693
693
692
691
689
688
687
685
684
683
681
680
678
677
675
674
672
671
669
668
666
665
663
662
660
658
657
655
654
654
653
653
652
652
651
651
651
650
650
650
650
649
649
649
649
649
648
648
648
648
648
648
648
648
648
648
648
648
648
648
648
648
648
648
648
648
648
648
648
648
648
648
648
649
649
649
649
649
649
650
650
650
650
650
651
651
651
651
652
652
652
652
653
653
653
654
654
654
655
655
655
656
656
656
657
657
658
658
658
659
659
660
660
661
661
662
662
663
663
663
664
664
665
665
666
663
656
647
640
634
630
626
622
620
617
615
613
611
610
608
607
606
605
604
603
602
601
601
600
599
599
599
598
598
598
597
597
597
597
597
597
597
597
597
597
597
597
597
598
598
598
598
598
599
599
599
599
599
600
600
600
600
600
601
601
601
601
601
602
602
602
602
602
603
603
603
603
603
604
604
604
604
604
605
605
605
605
605
606
606
606
606
606
607
607
607
607
607
607
607
607
607
606
606
606
606
606
606
606
606
606
606
606
606
606
606
606
606
606
606
606
606
606
606
606
606
606
606
606
606
606
606
606
606
606
606
606
606
607
607
607
607
607
607
607
607
607
607
608
608
608
608
608
608
608
609
609
609
609
609
610
610
610
611
611
611
612
612
612
613
613
614
614
615
615
616
617
613
608
603
599
594
590
586
582
579
575
572
568
565
562
559
557
554
551
549
546
544
542
539
537
535
533
532
530
528
526
525
523
522
520
519
518
516
515
514
513
512
511
510
509
509
508
507
506
506
505
505
504
504
503
503
503
502
502
502
502
501
501
501
501
501
501
501
500
500
500
500
500
500
500
500
500
500
501
501
501
501
501
501
501
501
502
502
502
502
502
503
503
503
503
504
504
504
504
505
505
505
506
506
507
507
507
508
508
509
509
510
510
511
511
512
512
513
513
514
514
515
515
516
517
517
518
518
519
520
520
521
522
522
523
524
525
525
526
527
528
528
529
530
530
528
527
526
525
523
522
521
520
519
518
517
516
515
514
513
512
512
511
510
509
509
508
507
507
506
505
505
504
504
503
503
502
502
502
501
501
501
500
500
500
500
500
499
499
499
499
499
499
499
499
499
499
498
498
498
498
498
498
498
499
499
499
499
499
499
499
499
499
499
499
499
499
499
499
499
499
499
499
499
499
499
499
499
499
499
499
499
499
499
499
499
499
499
499
499
499
499
499
499
499
499
499
499
499
499
499
499
499
499
499
499
499
498
498
497
496
495
494
494
493
492
491
490
490
489
488
487
486
486
485
484
483
483
482
481
480
479
479
478
477
476
476
475
475
474
474
473
473
472
472
471
471
470
469
469
468
467
467
466
465
464
463
462
462
461
460
459
458
457
455
454
453
452
450
449
447
445
443
441
437
432
424
411
390
365
345
333
323
316
309
304
300
296
293
290
287
285
283
281
280
278
277
276
275
274
273
272
271
270
269
268
268
267
266
265
265
264
264
263
263
262
262
261
261
260
260
260
259
259
259
259
258
258
258
258
257
257
257
257
257
257
257
257
256
256
256
256
256
256
256
256
256
256
257
257
257
257
257
257
257
257
257
258
258
258
258
258
259
259
259
259
260
260
260
261
261
261
262
262
262
263
263
264
264
265
265
266
266
267
267
268
268
269
270
270
271
272
272
272
272
272
271
271
270
270
270
269
269
269
268
268
268
267
267
267
266
266
266
265
265
265
265
264
264
264
264
264
263
263
263
263
263
263
263
263
263
263
263
262
262
262
262
263
263
263
263
263
263
263
263
263
263
264
264
264
264
264
265
265
265
266
266
266
267
267
267
268
268
269
269
270
270
271
271
272
273
273
274
274
275
276
277
277
278
279
280
280
281
282
281
280
278
277
275
273
272
270
268
266
265
263
262
260
259
257
256
255
254
252
251
250
249
248
247
246
246
245
244
244
243
242
242
241
241
240
240
240
239
239
239
238
238
238
238
238
238
238
238
238
237
237
237
237
237
237
237
237
238
238
238
238
238
238
238
238
238
238
238
238
239
239
239
239
239
239
240
240
240
240
240
241
241
241
241
241
242
242
242
242
243
243
243
243
244
244
244
245
245
245
245
246
246
246
247
247
247
248
248
248
249
249
249
250
250
248
245
242
239
237
234
232
230
228
226
224
223
221
220
218
217
216
214
213
212
211
210
210
209
208
207
207
206
206
205
204
204
204
203
203
203
202
202
202
202
202
202
201
201
201
201
201
201
202
202
202
202
202
202
202
203
203
203
204
204
204
205
205
205
206
206
207
207
208
208
209
209
209
210
210
211
211
212
212
213
213
214
214
215
215
216
216
217
217
218
219
219
220
220
221
221
222
222
223
224
224
225
225
226
227
227
228
228
229
229
230
231
231
232
232
233
233
234
235
235
236
236
237
237
238
238
239
239
239
240
240
240
241
241
241
241
241
241
241
240
240
239
238
237
236
234
233
232
230
229
227
226
225
223
222
220
219
218
216
215
213
212
211
209
208
206
205
204
202
201
200
199
197
196
195
194
192
191
190
189
188
186
185
184
183
182
181
180
179
178
177
176
175
174
173
172
172
171
170
169
169
168
167
167
166
166
165
165
164
164
163
163
163
163
163
163
162
162
162
162
163
163
163
163
163
163
163
163
163
163
163
163
163
163
163
162
162
162
162
162
161
161
161
161
160
160
160
160
159
159
159
158
158
158
157
157
157
157
156
156
156
155
155
155
155
154
154
154
154
154
154
153
153
153
153
153
154
154
154
154
155
155
156
157
158
160
161
161
162
163
163
164
164
165
165
165
166
166
167
167
167
168
168
168
168
169
169
169
170
170
170
170
171
171
171
171
172
172
172
172
172
173
173
173
173
174
174
174
174
174
174
175
175
175
175
175
176
176
176
176
176
176
177
177
177
177
177
177
178
178
178
178
178
178
179
179
179
179
179
179
179
180
180
180
180
180
180
180
181
181
181
181
181
177
174
171
167
164
161
159
156
153
151
149
146
144
142
140
138
136
135
133
131
130
128
127
126
125
124
122
122
121
120
119
118
118
117
117
117
116
116
116
116
116
116
116
116
116
116
116
116
117
117
117
117
117
117
117
118
118
118
118
118
118
118
118
118
118
119
119
119
119
119
119
119
119
119
119
119
119
119
119
120
120
120
120
120
120
120
120
120
120
120
120
120
120
120
120
120
120
120
120
120
120
120
120
120
120
120
120
120
117
113
110
108
106
105
103
102
101
100
99
98
97
97
96
95
95
94
94
94
93
93
93
92
92
92
92
91
91
91
91
91
91
91
91
91
91
91
91
91
91
91
91
92
92
92
92
92
92
92
93
93
93
93
93
94
94
94
94
95
95
95
95
95
96
96
96
96
96
97
97
97
97
97
98
98
98
98
98
99
99
99
99
99
100
100
100
100
100
101
101
101
101
101
102
102
102
102
103
103
104
104
104
105
105
105
106
106
107
107
107
108
108
108
109
109
110
110
110
111
111
111
111
112
112
112
112
112
112
112
112
112
113
113
113
113
113
113
113
113
114
114
114
114
114
114
114
115
115
115
115
115
115
115
116
116
116
116
116
116
117
117
117
117
117
117
118
118
118
118
118
118
119
119
119
119
119
119
120
120
120
120
120
121
121
121
121
121
122
122
122
122
122
123
123
123
123
124
124
124
124
125
125
125
125
125
126
126
126
126
127
127
127
127
127
127
127
128
128
128
128
128
128
128
128
128
128
128
128
127
127
127
127
127
126
126
126
126
125
125
125
124
124
123
123
123
122
122
122
121
121
121
121
120
120
120
120
120
120
120
120
120
120
120
120
120
120
121
121
121
121
122
122
122
123
123
123
124
124
124
125
125
126
126
126
127
127
128
128
129
129
130
130
131
131
132
132
133
133
134
135
135
136
136
137
137
138
139
139
140
141
140
137
134
131
129
126
123
121
119
116
114
112
110
107
105
103
102
100
98
96
95
93
91
90
88
87
85
84
83
81
80
79
78
77
76
75
74
73
72
71
70
69
68
68
67
66
66
65
64
64
63
63
63
62
62
61
61
61
61
60
60
60
60
60
60
60
59
59
59
59
59
59
59
59
58
58
58
58
58
58
57
57
57
57
57
56
56
56
56
56
55
55
55
55
55
54
54
54
54
53
53
53
53
52
52
52
52
51
51
51
51
50
50
50
50
49
49
49
49
48
48
48
48
47
47
47
46
46
46
46
45
45
45
44
44
44
44
43
43
43
43
42
42
42
41
41
41
41
40
40
40
40
39
39
39
39
38
38
38
37
37
37
37
36
36
36
36
35
35
35
35
34
34
34
34
34
33
33
33
33
32
32
32
32
32
31
31
31
31
31
30
30
30
30
30
30
29
29
29
29
29
29
29
29
28
28
28
28
28
28
28
28
28
28
28
28
28
28
28
28
28
28
28
28
29
29
29
29
29
30
30
30
31
31
31
32
32
33
34
34
35
36
37
38
39
40
42
43
44
45
46
47
48
49
50
51
51
52
51
49
48
46
45
44
43
42
41
40
39
38
37
36
36
35
34
34
33
33
32
32
31
31
30
30
30
29
29
29
28
28
28
28
27
27
27
27
27
26
26
26
26
26
26
26
25
25
25
25
25
25
25
25
25
25
25
25
25
25
25
25
25
25
25
25
25
25
25
26
26
26
26
26
26
26
26
26
27
27
27
27
27
27
27
28
28
28
28
28
29
29
29
29
29
30
30
30
30
30
31
31
31
31
32
32
32
32
33
33
33
33
34
34
34
35
35
35
35
36
36
36
36
37
37
37
37
38
38
38
38
39
39
39
39
40
40
40
40
41
41
41
41
42
42
42
42
43
43
43
43
44
44
44
44
45
45
45
45
46
46
46
46
47
47
47
48
48
48
48
49
49
49
49
50
50
50
50
51
51
51
51
52
52
52
52
53
53
53
53
54
54
54
55
55
55
55
56
56
56
56
57
57
57
57
58
58
58
58
58
48
43
39
36
33
31
29
27
26
24
23
22
20
19
18
17
16
16
15
14
13
13
12
12
11
11
10
10
9
9
9
8
8
8
8
7
7
7
7
7
7
7
6
6
6
6
6
6
6
6
6
6
6
7
7
7
7
7
7
7
7
7
8
8
8
8
8
9
9
9
9
9
10
10
10
10
11
11
11
11
12
12
12
12
13
13
13
13
14
14
14
14
15
15
15
16
16
16
16
17
17
17
18
18
18
18
19
19
19
20
20
20
21
21
21
22
22
23
23
23
24
24
24
25
25
26
26
26
27
27
28
28
29
29
30
30
30
31
31
32
32
33
34
34
35
35
36
36
37
38
38
39
40
39
38
38
37
36
35
34
34
33
32
31
31
30
29
29
28
28
27
26
26
25
25
24
24
23
23
22
22
21
21
21
20
20
19
19
19
18
18
18
18
17
17
17
17
16
16
16
16
16
16
16
15
15
15
15
15
15
15
15
15
15
15
15
16
16
16
16
16
16
17
17
17
17
18
18
18
19
19
19
20
20
21
21
22
22
23
23
24
24
25
25
26
27
27
28
28
29
30
30
31
32
32
33
34
34
35
36
36
37
38
38
39
40
41
41
42
43
43
44
45
46
47
47
48
49
50
51
51
52
53
54
55
56
56
57
58
59
60
61
62
63
64
65
66
67
67
68
69
70
72
73
73
72
71
70
69
68
68
67
66
65
64
63
63
62
61
60
59
59
58
57
56
55
55
54
53
52
52
51
50
49
49
48
47
46
46
45
44
44
43
42
41
41
40
40
39
38
38
37
36
36
35
35
34
34
33
33
32
32
32
31
31
30
30
30
29
29
29
28
28
28
27
27
27
26
26
26
25
25
25
24
24
24
23
23
23
23
22
22
22
21
21
21
21
20
20
20
20
19
19
19
19
18
18
18
18
17
17
17
17
16
16
16
16
15
15
15
15
15
14
14
14
14
13
13
13
13
13
12
12
12
12
12
11
11
11
11
11
10
10
10
10
10
9
9
9
9
9
8
8
8
8
8
8
7
7
7
7
7
6
6
6
6
6
6
5
5
5
5
5
5
4
4
4
4
4
4
4
3
3
3
3
3
3
2
2
2
2
2
2
2
2
1
1
1
1
1
1
1
0
0
0
0
0
0
0
0
-1
-1
-1
-1
-1
-1
-1
-1
-1
-2
-2
-2
-2
-2
-2
-2
-2
-2
-2
-3
-3
-3
-3
-3
-3
-3
-3
-3
-3
-3
-3
-4
-4
-4
-4
-4
-4
-4
-4
-4
-4
-4
-4
-4
-4
-4
-4
-4
-4
-4
-4
-4
-4
-4
-4
-4
-4
-4
-4
-4
-4
-4
-4
-4
-4
-4
-4
-4
-4
-4
-4
-4
-3
-3
-3
-3
-3
-2
-2
-2
-1
-1
0
1
1
2
3
3
4
5
6
6
7
8
8
9
10
10
11
12
12
13
14
14
15
16
17
17
18
19
19
20
21
21
22
23
23
24
25
25
26
27
28
