29
28
28
28
28
27
27
27
27
27
26
26
26
26
26
25
25
25
25
25
24
24
24
24
24
23
23
23
23
22
22
22
22
22
21
21
21
21
21
20
20
20
20
19
19
19
19
19
18
18
18
18
17
17
17
17
17
16
16
16
16
15
15
15
15
15
14
14
14
14
13
13
13
13
12
12
12
12
11
11
11
11
11
10
10
10
10
9
9
8
7
6
5
5
4
3
2
1
0
0
-1
-2
-3
-4
-5
-6
-6
-7
-8
-9
-10
-11
-11
-12
-13
-14
-15
-16
-16
-17
-18
-19
-20
-21
-22
-22
-23
-24
-25
-26
-27
-27
-28
-29
-30
-31
-32
-33
-34
-35
-36
-37
-38
-39
-39
-40
-41
-42
-43
-44
-45
-46
-47
-48
-49
-50
-50
-51
-52
-53
-54
-55
-56
-57
-58
-59
-59
-60
-61
-62
-63
-64
-65
-66
-66
-67
-68
-69
-70
-71
-72
-72
-73
-74
-75
-76
-77
-77
-78
-79
-80
-81
-82
-82
-83
-84
-85
-86
-86
-87
-88
-89
-90
-90
-91
-92
-93
-93
-94
-95
-96
-96
-97
-98
-99
-100
-100
-101
-102
-102
-103
-104
-105
-105
-106
-107
-108
-108
-109
-110
-110
-111
-112
-112
-113
-114
-115
-115
-116
-117
-117
-118
-119
-119
-120
-121
-121
-122
-123
-123
-124
-124
-125
-126
-126
-127
-128
-128
-129
-129
-130
-131
-131
-132
-132
-133
-134
-134
-135
-135
-136
-137
-137
-138
-138
-139
-139
-140
-140
-141
-142
-142
-143
-143
-144
-144
-145
-145
-146
-146
-147
-147
-148
-148
-149
-149
-150
-150
-151
-151
-152
-152
-153
-153
-154
-154
-155
-155
-155
-156
-156
-157
-157
-158
-158
-159
-159
-159
-160
-160
-161
-161
-162
-162
-162
-163
-163
-163
-164
-164
-165
-165
-165
-166
-166
-167
-167
-167
-168
-168
-168
-169
-169
-169
-170
-170
-170
-171
-171
-171
-172
-172
-172
-173
-173
-173
-174
-174
-174
-175
-175
-175
-175
-176
-176
-176
-177
-177
-177
-177
-178
-178
-178
-178
-179
-179
-179
-179
-180
-180
-180
-180
-181
-181
-181
-181
-182
-182
-182
-182
-183
-183
-183
-183
-184
-184
-184
-184
-185
-185
-185
-185
-186
-186
-186
-187
-187
-187
-188
-188
-188
-189
-189
-189
-190
-190
-190
-191
-191
-192
-192
-193
-193
-194
-194
-195
-196
-197
-198
-199
-202
-213
-219
-222
-225
-227
-229
-230
-232
-233
-235
-236
-237
-238
-240
-241
-242
-243
-244
-245
-246
-247
-248
-249
-249
-250
-251
-252
-253
-254
-254
-255
-256
-257
-258
-258
-259
-260
-261
-261
-262
-263
-263
-264
-265
-265
-266
-267
-267
-268
-268
-268
-268
-268
-268
-268
-269
-269
-269
-269
-269
-269
-270
-270
-270
-270
-270
-270
-271
-271
-271
-271
-271
-271
-272
-272
-272
-272
-272
-273
-273
-273
-273
-273
-273
-274
-274
-274
-274
-274
-275
-275
-275
-275
-276
-276
-276
-276
-276
-277
-277
-277
-277
-277
-278
-278
-278
-278
-279
-279
-279
-279
-279
-280
-280
-280
-280
-281
-281
-281
-281
-282
-282
-282
-282
-283
-283
-283
-283
-284
-284
-284
-284
-285
-285
-285
-285
-286
-286
-286
-286
-287
-287
-287
-287
-288
-288
-288
-289
-289
-289
-289
-290
-290
-290
-290
-291
-291
-291
-292
-292
-292
-292
-293
-293
-293
-293
-294
-294
-294
-295
-295
-295
-296
-296
-296
-296
-297
-297
-297
-298
-298
-298
-300
-302
-304
-307
-309
-310
-312
-314
-316
-318
-320
-322
-323
-325
-327
-328
-330
-331
-333
-334
-336
-337
-339
-340
-342
-343
-344
-346
-347
-348
-349
-350
-352
-353
-354
-355
-356
-357
-358
-359
-360
-361
-362
-363
-364
-365
-366
-366
-367
-368
-369
-369
-370
-371
-371
-372
-373
-373
-374
-375
-375
-376
-376
-377
-377
-377
-378
-378
-379
-379
-379
-380
-380
-380
-381
-381
-381
-382
-382
-382
-383
-383
-383
-383
-384
-384
-384
-385
-385
-385
-386
-386
-386
-387
-387
-387
-388
-388
-388
-389
-389
-389
-390
-390
-390
-391
-391
-391
-391
-392
-392
-392
-393
-393
-393
-394
-394
-394
-395
-395
-395
-396
-396
-396
-397
-397
-397
-398
-398
-398
-398
-399
-399
-399
-400
-400
-400
-401
-401
-401
-402
-402
-402
-403
-403
-403
-404
-404
-404
-405
-405
-405
-406
-406
-406
-406
-407
-407
-407
-408
-408
-408
-409
-409
-409
-410
-410
-410
-411
-411
-411
-411
-411
-411
-412
-412
-412
-412
-412
-412
-412
-413
-413
-413
-413
-413
-413
-414
-414
-414
-414
-414
-414
-414
-415
-415
-415
-415
-415
-415
-416
-416
-416
-416
-416
-416
-416
-417
-417
-417
-417
-417
-417
-418
-418
-418
-418
-418
-418
-418
-419
-419
-419
-419
-419
-419
-420
-420
-420
-420
-420
-420
-420
-421
-421
-421
-421
-421
-421
-422
-422
-422
-422
-422
-422
-422
-423
-423
-423
-423
-423
-424
-424
-425
-425
-425
-426
-426
-427
-427
-428
-429
-430
-431
-432
-433
-435
-437
-440
-444
-449
-453
-455
-457
-459
-461
-462
-463
-464
-465
-466
-467
-467
-468
-469
-470
-470
-471
-471
-472
-472
-473
-473
-474
-474
-475
-475
-475
-476
-476
-476
-477
-477
-477
-478
-478
-478
-479
-479
-479
-480
-480
-480
-480
-481
-481
-481
-482
-482
-482
-482
-483
-483
-483
-484
-484
-484
-485
-485
-485
-485
-486
-486
-486
-487
-487
-487
-488
-488
-488
-489
-489
-489
-490
-490
-490
-491
-491
-491
-492
-492
-492
-493
-493
-493
-494
-494
-495
-495
-495
-496
-496
-496
-497
-497
-498
-498
-498
-499
-499
-499
-500
-500
-501
-501
-502
-502
-502
-503
-503
-504
-504
-505
-505
-505
-506
-506
-507
-507
-508
-508
-509
-509
-510
-510
-511
-511
-512
-512
-513
-513
-514
-514
-515
-516
-516
-517
-517
-518
-519
-519
-520
-521
-521
-522
-523
-524
-524
-525
-526
-527
-528
-529
-530
-531
-533
-534
-535
-535
-536
-536
-536
-537
-537
-538
-538
-538
-539
-539
-539
-540
-540
-540
-541
-541
-542
-542
-542
-543
-543
-543
-544
-544
-544
-545
-545
-546
-546
-546
-547
-547
-547
-548
-548
-548
-549
-549
-550
-550
-550
-551
-551
-551
-552
-552
-553
-553
-553
-554
-554
-554
-555
-555
-556
-556
-556
-557
-557
-558
-558
-559
-559
-559
-560
-560
-561
-561
-561
-562
-562
-563
-563
-563
-564
-564
-565
-565
-566
-566
-566
-567
-567
-568
-568
-569
-569
-569
-570
-570
-571
-571
-571
-572
-572
-573
-573
-573
-574
-574
-575
-575
-576
-576
-576
-577
-577
-578
-578
-578
-579
-579
-580
-580
-580
-581
-581
-582
-582
-582
-583
-583
-584
-584
-585
-585
-585
-586
-586
-587
-587
-587
-588
-588
-589
-589
-589
-590
-590
-591
-591
-591
-592
-592
-593
-593
-593
-594
-594
-595
-595
-595
-596
-596
-597
-597
-597
-598
-598
-599
-599
-599
-600
-600
-601
-601
-601
-602
-602
-603
-603
-604
-604
-604
-605
-605
-605
-606
-606
-607
-607
-607
-608
-608
-609
-609
-609
-610
-610
-610
-611
-611
-612
-612
-612
-613
-613
-613
-614
-614
-614
-615
-615
-616
-616
-616
-617
-617
-617
-618
-618
-618
-619
-619
-619
-620
-620
-620
-621
-621
-621
-622
-622
-622
-623
-623
-623
-623
-624
-624
-624
-625
-625
-625
-626
-626
-626
-626
-627
-627
-627
-628
-628
-628
-628
-629
-629
-629
-629
-630
-630
-630
-630
-631
-631
-631
-631
-632
-632
-632
-632
-633
-633
-633
-633
-633
-634
-634
-634
-634
-634
-635
-635
-635
-635
-635
-636
-636
-636
-636
-636
-636
-636
-637
-637
-637
-637
-637
-637
-637
-638
-638
-638
-638
-638
-638
-638
-638
-638
-638
-639
-639
-639
-639
-639
-639
-639
-639
-639
-639
-639
-639
-639
-639
-639
-639
-639
-639
-639
-639
-639
-639
-639
-639
-639
-639
-639
-639
-639
-639
-639
-639
-639
-639
-639
-639
-639
-639
-638
-638
-638
-638
-638
-638
-638
-638
-638
-638
-638
-637
-637
-637
-637
-637
-637
-637
-637
-636
-636
-636
-636
-636
-636
-636
-635
-635
-635
-635
-635
-635
-635
-635
-634
-634
-634
-634
-634
-634
-634
-634
-633
-633
-633
-633
-633
-633
-633
-633
-633
-633
-632
-632
-632
-632
-632
-632
-632
-632
-632
-632
-632
-632
-632
-632
-631
-631
-631
-631
-631
-631
-631
-631
-631
-631
-631
-631
-631
-631
-631
-631
-631
-631
-631
-631
-631
-631
-631
-631
-631
-631
-631
-631
-631
-631
-632
-632
-632
-632
-632
-632
-632
-632
-632
-632
-632
-632
-632
-632
-632
-633
-633
-633
-633
-633
-633
-633
-633
-633
-634
-634
-634
-634
-634
-634
-634
-635
-635
-635
-635
-635
-635
-636
-636
-636
-635
-635
-635
-635
-635
-635
-635
-635
-635
-635
-635
-635
-635
-635
-635
-635
-635
-635
-635
-635
-635
-635
-635
-635
-635
-635
-635
-635
-635
-636
-636
-636
-636
-636
-636
-636
-636
-637
-637
-637
-637
-637
-637
-638
-638
-638
-638
-638
-639
-639
-639
-639
-640
-640
-640
-640
-641
-641
-641
-642
-642
-642
-643
-643
-643
-644
-644
-644
-645
-645
-645
-646
-646
-647
-647
-647
-648
-648
-649
-649
-650
-650
-651
-651
-652
-652
-653
-653
-654
-654
-655
-656
-656
-657
-657
-658
-659
-659
-660
-661
-661
-662
-663
-663
-664
-665
-665
-666
-667
-668
-669
-669
-670
-671
-672
-673
-674
-675
-675
-676
-677
-678
-679
-680
-681
-682
-683
-684
-685
-687
-688
-689
-690
-691
-693
-694
-695
-697
-698
-699
-701
-702
-704
-706
-708
-709
-711
-713
-716
-718
-721
-724
-727
-732
-736
-736
-736
-736
-736
-730
-724
-718
-713
-709
-705
-702
-698
-695
-693
-690
-687
-685
-683
-681
-679
-678
-676
-674
-673
-672
-670
-669
-668
-667
-666
-665
-665
-664
-663
-663
-662
-661
-661
-661
-660
-660
-660
-660
-659
-659
-659
-659
-659
-659
-660
-660
-660
-660
-661
-661
-661
-662
-662
-663
-663
-664
-664
-665
-666
-667
-668
-668
-669
-670
-671
-672
-674
-675
-676
-677
-679
-680
-682
-683
-685
-686
-688
-690
-692
-694
-696
-698
-700
-702
-704
-706
-709
-711
-714
-716
-719
-722
-725
-728
-731
-734
-737
-741
-744
-748
-752
-756
-760
-764
-768
-773
-777
-782
-787
-793
-799
-805
-808
-810
-811
-813
-815
-816
-816
-816
-816
-814
-755
-691
-624
-553
-502
-493
-488
-483
-479
-476
-473
-470
-468
-466
-464
-462
-460
-459
-457
-456
-454
-453
-452
-451
-450
-449
-449
-448
-447
-446
-446
-445
-445
-444
-444
-444
-443
-443
-443
-443
-442
-442
-442
-442
-442
-442
-442
-442
-442
-443
-443
-443
-443
-444
-444
-444
-445
-445
-445
-446
-446
-447
-447
-448
-448
-449
-450
-450
-452
-453
-455
-458
-460
-463
-467
-470
-474
-479
-483
-486
-490
-493
-496
-498
-500
-501
-503
-504
-504
-505
-505
-505
-505
-505
-504
-504
-503
-502
-501
-500
-499
-498
-496
-495
-493
-492
-491
-489
-488
-487
-487
-486
-485
-484
-484
-483
-483
-483
-483
-483
-483
-484
-484
-485
-486
-487
-488
-489
-490
-491
-492
-494
-495
-497
-498
-500
-502
-504
-505
-507
-509
-511
-513
-515
-516
-518
-519
-520
-521
-522
-522
-522
-523
-523
-523
-523
-523
-523
-523
-523
-523
-522
-522
-522
-522
-522
-521
-521
-521
-521
-520
-520
-520
-520
-519
-519
-519
-518
-518
-518
-518
-517
-517
-517
-516
-516
-516
-516
-515
-515
-515
-514
-514
-514
-514
-513
-513
-513
-513
-513
-512
-512
-512
-512
-512
-511
-511
-511
-511
-511
-511
-511
-511
-511
-510
-510
-510
-510
-510
-510
-510
-510
-510
-510
-510
-510
-510
-510
-510
-511
-511
-511
-511
-511
-511
-511
-512
-512
-512
-512
-512
-513
-513
-513
-514
-514
-514
-515
-515
-515
-516
-516
-517
-517
-518
-518
-518
-519
-519
-520
-520
-521
-521
-522
-522
-522
-523
-523
-524
-524
-525
-525
-526
-526
-527
-528
-528
-529
-529
-530
-530
-531
-531
-532
-533
-533
-534
-535
-535
-536
-537
-538
-538
-539
-540
-541
-542
-542
-543
-544
-545
-546
-547
-548
-550
-551
-552
-553
-555
-556
-557
-559
-560
-562
-564
-566
-568
-570
-572
-574
-576
-579
-581
-584
-587
-590
-594
-597
-599
-600
-600
-600
-599
-585
-570
-558
-547
-537
-529
-521
-513
-506
-499
-493
-487
-482
-476
-471
-467
-462
-458
-453
-449
-445
-442
-438
-435
-431
-428
-425
-422
-419
-416
-414
-411
-409
-406
-404
-402
-400
-397
-395
-393
-392
-390
-388
-386
-385
-383
-382
-380
-379
-378
-376
-375
-374
-373
-372
-371
-370
-369
-368
-367
-366
-366
-365
-364
-364
-363
-362
-362
-361
-361
-361
-360
-360
-360
-359
-359
-359
-359
-359
-358
-358
-358
-358
-358
-358
-359
-359
-359
-359
-359
-359
-360
-360
-360
-360
-361
-361
-362
-364
-365
-366
-368
-370
-371
-373
-375
-377
-379
-381
-383
-385
-387
-389
-391
-393
-395
-397
-399
-402
-404
-406
-408
-411
-413
-414
-415
-415
-415
-414
-412
-410
-408
-407
-406
-405
-404
-403
-403
-402
-402
-401
-401
-401
-401
-401
-401
-402
-402
-402
-403
-404
-404
-405
-406
-408
-409
-410
-412
-414
-416
-418
-420
-423
-426
-430
-434
-438
-444
-450
-450
-451
-451
-450
-449
-448
-447
-446
-445
-445
-444
-443
-442
-441
-441
-440
-439
-439
-438
-437
-437
-436
-436
-435
-435
-434
-434
-433
-433
-432
-432
-432
-431
-431
-431
-430
-430
-430
-430
-430
-430
-430
-430
-430
-430
-430
-430
-430
-431
-431
-431
-431
-432
-432
-432
-433
-433
-434
-434
-435
-436
-436
-437
-438
-438
-439
-440
-441
-442
-443
-444
-445
-446
-447
-448
-450
-451
-452
-454
-456
-457
-459
-461
-464
-467
-471
-478
-486
-494
-503
-511
-519
-527
-536
-544
-553
-561
-566
-567
-567
-567
-566
-564
-562
-561
-559
-557
-556
-555
-554
-553
-552
-551
-551
-550
-550
-549
-549
-549
-549
-549
-549
-549
-550
-550
-550
-551
-551
-552
-553
-554
-554
-555
-556
-557
-558
-559
-560
-562
-563
-564
-566
-568
-570
-573
-575
-578
-581
-584
-588
-592
-597
-602
-607
-613
-620
-629
-635
-635
-635
-635
-635
-633
-631
-629
-627
-625
-623
-621
-619
-617
-615
-613
-611
-610
-608
-606
-605
-603
-602
-600
-599
-598
-596
-595
-594
-593
-591
-590
-589
-588
-588
-587
-586
-585
-584
-584
-583
-583
-582
-582
-582
-582
-582
-582
-582
-583
-583
-584
-585
-585
-586
-587
-589
-590
-591
-593
-595
-597
-599
-601
-604
-606
-609
-612
-616
-619
-623
-628
-632
-638
-643
-650
-657
-666
-671
-673
-673
-674
-674
-673
-673
-672
-669
-664
-655
-630
-451
-441
-434
-428
-423
-418
-415
-411
-409
-406
-404
-402
-400
-398
-396
-395
-394
-392
-391
-390
-390
-389
-388
-387
-387
-386
-386
-386
-386
-385
-385
-385
-385
-385
-385
-385
-385
-386
-386
-386
-386
-387
-387
-388
-388
-389
-389
-390
-391
-392
-392
-393
-394
-396
-397
-398
-400
-402
-403
-405
-408
-409
-411
-413
-414
-415
-416
-416
-417
-417
-417
-416
-416
-415
-414
-413
-412
-411
-409
-408
-407
-406
-405
-404
-403
-403
-402
-402
-401
-401
-401
-400
-400
-400
-400
-400
-400
-400
-400
-400
-400
-400
-400
-401
-401
-401
-401
-401
-402
-402
-402
-402
-403
-403
-403
-404
-404
-405
-405
-406
-406
-406
-407
-407
-408
-409
-409
-410
-410
-411
-412
-413
-413
-414
-415
-416
-417
-418
-418
-419
-420
-422
-423
-424
-425
-427
-428
-429
-431
-433
-435
-437
-439
-442
-446
-451
-456
-461
-467
-474
-481
-490
-501
-520
-522
-522
-522
-522
-521
-518
-516
-513
-511
-509
-507
-505
-503
-502
-500
-499
-497
-496
-495
-493
-492
-491
-490
-489
-489
-488
-487
-487
-486
-486
-486
-486
-486
-486
-486
-486
-487
-487
-488
-489
-489
-490
-491
-492
-493
-494
-495
-496
-497
-498
-500
-501
-502
-504
-505
-507
-508
-510
-511
-513
-515
-517
-519
-520
-522
-524
-526
-529
-531
-533
-535
-537
-537
-537
-537
-536
-533
-531
-529
-526
-524
-522
-520
-518
-516
-515
-513
-511
-510
-508
-507
-506
-504
-503
-502
-501
-500
-499
-498
-497
-496
-496
-495
-494
-494
-493
-493
-493
-492
-492
-492
-492
-492
-492
-492
-493
-493
-493
-494
-494
-494
-495
-495
-496
-496
-497
-497
-498
-498
-499
-500
-500
-501
-502
-503
-503
-504
-505
-506
-507
-509
-510
-511
-512
-514
-515
-517
-518
-520
-522
-524
-526
-528
-530
-532
-535
-538
-541
-544
-546
-547
-547
-547
-547
-545
-479
-459
-447
-440
-435
-431
-427
-424
-420
-417
-414
-411
-409
-406
-404
-403
-401
-399
-398
-397
-396
-395
-394
-393
-393
-392
-392
-391
-391
-391
-391
-391
-390
-390
-390
-390
-390
-390
-391
-391
-391
-391
-391
-392
-392
-392
-393
-393
-394
-394
-395
-396
-396
-397
-398
-399
-400
-400
-402
-403
-404
-405
-405
-406
-406
-405
-404
-402
-401
-400
-399
-398
-397
-397
-396
-395
-395
-394
-394
-393
-393
-392
-392
-391
-391
-391
-390
-390
-390
-390
-389
-389
-389
-389
-389
-389
-389
-389
-389
-389
-389
-389
-389
-390
-390
-390
-391
-391
-391
-392
-392
-393
-393
-394
-395
-395
-396
-397
-397
-398
-399
-400
-401
-402
-403
-404
-406
-407
-408
-409
-411
-412
-414
-416
-417
-419
-421
-423
-425
-428
-430
-433
-435
-438
-441
-444
-447
-450
-454
-457
-461
-465
-469
-473
-477
-481
-485
-489
-493
-496
-500
-502
-504
-506
-507
-508
-508
-508
-508
-508
-507
-507
-506
-505
-504
-503
-502
-500
-499
-498
-497
-495
-494
-493
-491
-490
-489
-488
-486
-485
-484
-483
-482
-481
-480
-480
-479
-479
-478
-478
-478
-478
-479
-480
-481
-483
-484
-487
-489
-490
-490
-490
-490
-489
-488
-486
-484
-482
-480
-478
-476
-474
-472
-470
-469
-468
-466
-465
-465
-464
-463
-463
-463
-464
-465
-466
-467
-468
-469
-471
-472
-474
-476
-478
-481
-484
-487
-491
-495
-499
-504
-509
-515
-521
-527
-534
-541
-549
-556
-562
-568
-573
-576
-579
-581
-582
-583
-583
-583
-583
-583
-582
-580
-578
-575
-572
-568
-563
-559
-554
-548
-543
-538
-533
-528
-522
-517
-512
-507
-501
-496
-491
-486
-481
-476
-471
-466
-461
-457
-453
-449
-445
-441
-437
-434
-431
-428
-425
-422
-419
-417
-414
-412
-410
-408
-406
-404
-402
-401
-399
-397
-396
-395
-393
-392
-391
-390
-389
-388
-387
-386
-385
-385
-384
-383
-383
-382
-382
-381
-381
-380
-380
-380
-379
-379
-379
-379
-379
-379
-378
-378
-378
-378
-378
-378
-379
-379
-379
-379
-379
-379
-379
-380
-380
-380
-380
-381
-381
-381
-382
-382
-383
-383
-383
-384
-384
-385
-385
-386
-386
-387
-387
-388
-388
-389
-390
-391
-392
-393
-394
-396
-397
-398
-400
-401
-403
-404
-406
-408
-409
-411
-413
-414
-416
-418
-419
-421
-422
-424
-425
-427
-428
-429
-430
-431
-432
-433
-433
-434
-434
-434
-434
-434
-434
-433
-432
-431
-430
-428
-426
-424
-422
-419
-417
-415
-413
-410
-409
-407
-405
-404
-402
-401
-400
-398
-397
-396
-396
-395
-394
-393
-393
-392
-391
-391
-391
-390
-390
-389
-389
-389
-389
-388
-388
-388
-388
-388
-388
-388
-388
-388
-388
-388
-388
-388
-388
-388
-389
-389
-389
-389
-389
-389
-390
-390
-390
-390
-391
-391
-391
-391
-392
-392
-393
-393
-393
-394
-394
-395
-395
-396
-397
-397
-398
-399
-400
-400
-401
-402
-403
-404
-405
-406
-407
-409
-410
-411
-413
-414
-416
-417
-419
-420
-422
-424
-426
-428
-430
-432
-434
-437
-440
-443
-447
-451
-455
-460
-465
-472
-480
-489
-500
-513
-527
-541
-554
-564
-568
-570
-571
-571
-571
-571
-570
-569
-567
-565
-562
-559
-556
-553
-549
-546
-542
-538
-535
-531
-528
-524
-521
-517
-514
-510
-507
-504
-501
-498
-495
-493
-490
-488
-485
-483
-481
-479
-477
-475
-474
-472
-471
-469
-468
-467
-466
-466
-465
-464
-463
-462
-461
-460
-459
-457
-456
-454
-452
-450
-448
-446
-444
-441
-438
-435
-432
-429
-426
-423
-419
-416
-412
-408
-404
-400
-396
-392
-387
-383
-379
-374
-370
-365
-361
-356
-352
-347
-343
-339
-334
-330
-326
-322
-318
-314
-310
-306
-302
-299
-295
-292
-288
-285
-282
-279
-276
-273
-271
-268
-266
-263
-261
-259
-257
-255
-253
-251
-249
-247
-246
-244
-243
-241
-240
-239
-238
-237
-236
-235
-234
-233
-233
-232
-231
-231
-231
-230
-230
-230
-230
-229
-229
-229
-229
-228
-228
-228
-227
-227
-226
-226
-226
-225
-225
-224
-224
-223
-223
-222
-221
-221
-220
-220
-219
-218
-218
-217
-216
-216
-215
-214
-213
-213
-212
-211
-210
-209
-209
-208
-207
-206
-205
-204
-203
-202
-202
-201
-200
-199
-198
-197
-196
-195
-194
-193
-192
-191
-190
-189
-188
-186
-185
-184
-183
-182
-181
-180
-179
-178
-176
-175
-174
-173
-172
-170
-169
-168
-167
-166
-164
-163
-162
-161
-159
-158
-157
-155
-154
-153
-151
-150
-149
-148
-147
-146
-146
-145
-144
-144
-143
-142
-142
-141
-141
-140
-139
-139
-138
-138
-137
-137
-136
-136
-135
-135
-134
-134
-133
-133
-132
-132
-131
-131
-131
-130
-130
-129
-129
-128
-128
-128
-127
-127
-126
-126
-125
-125
-125
-124
-124
-124
-123
-123
-122
-122
-122
-121
-121
-121
-120
-120
-119
-119
-119
-118
-118
-118
-117
-117
-117
-116
-116
-116
-115
-115
-115
-114
-114
-114
-113
-113
-113
-112
-112
-112
-111
-111
-111
-110
-110
-110
-109
-109
-109
-108
-108
-108
-108
-107
-107
-107
-106
-106
-106
-106
-105
-105
-105
-104
-104
-104
-104
-103
-103
-103
-102
-102
-102
-102
-101
-101
-101
-100
-100
-100
-100
-99
-99
-99
-99
-98
-98
-98
-98
-97
-97
-97
-97
-96
-96
-96
-96
-95
-95
-95
-95
-94
-94
-94
-94
-93
-93
-93
-93
-93
-92
-92
-92
-92
-91
-91
-91
-91
-91
-90
-90
-90
-90
-89
-89
-89
-89
-89
-88
-88
-88
-88
-88
-87
-87
-87
-87
-86
-86
-86
-86
-86
-85
-85
-85
-85
-85
-84
-84
-84
-84
-84
-84
-83
-83
-83
-83
-83
-82
-82
-82
-82
-82
-81
-81
-81
-81
-81
-81
-80
-80
-80
-80
-80
-80
-79
-79
-79
-79
-79
-78
-78
-78
-78
-78
-78
-77
-77
-77
-77
-77
-77
-76
-76
-76
-76
-76
-76
-76
-75
-75
-75
-75
-75
-75
-74
-74
-74
-74
-74
-74
-74
-73
-73
-73
-73
-73
-73
-72
-72
-72
-72
-72
-72
-72
-71
-71
-71
-71
-71
-71
-71
-70
-70
-70
-70
-70
-70
-70
-70
-69
-69
-69
-69
-69
-69
-69
-68
-68
-68
-68
-68
-68
-68
-68
-67
-67
-67
-67
-67
-67
-67
-67
-66
-66
-66
-66
-66
-66
-66
-66
-65
-65
-65
-65
-65
-65
-65
-65
-65
-64
-64
-64
-64
-64
-64
-64
-64
-64
-63
-63
-63
-63
-63
-63
-63
-63
-63
-62
-62
-62
-62
-62
-62
-62
-62
-62
-62
-61
-61
-61
-61
-61
-61
-61
-61
-61
-61
-60
-60
-60
-60
-60
-60
-60
-60
-60
-59
-59
-59
-59
-59
-59
-59
-59
-59
-58
-58
-58
-58
-58
-58
-58
-58
-58
-57
-57
-57
-57
-57
-57
-57
-57
-57
-56
-56
-56
-56
-56
-56
-56
-56
-56
-56
-56
-56
-56
-55
-55
-55
-55
-55
-55
-55
-55
-55
-55
-55
-55
-55
-55
-55
-55
-55
-55
-55
-54
-54
-54
-54
-54
-54
-54
-54
-54
-54
-54
-54
-54
-54
-54
-54
-54
-54
-54
-54
-54
-54
-54
-54
-54
-54
-54
-54
-54
-54
-54
-53
-53
-53
-53
-53
-53
-53
-53
-53
-53
-53
-53
-53
-53
-53
-53
-53
-53
-53
-53
-53
-53
-53
-53
-53
-53
-53
-53
-53
-53
-53
-53
-53
-53
-53
-53
-53
-53
-53
-53
-53
-53
-53
-53
-53
-53
-53
-53
-53
-53
-52
-52
-52
-52
-52
-52
-52
-52
-52
-52
-52
-52
-52
-52
-52
-52
-52
-52
-52
-52
-52
-52
-52
-52
-52
-52
-52
-52
-52
-52
-52
-52
-52
-52
-52
-52
-52
-52
-52
-52
-52
-51
-51
-51
-51
-51
-51
-51
-51
-51
-51
-51
-51
-51
-51
-51
-51
-50
-50
-50
-50
-50
-50
-50
-50
-50
-50
-50
-50
-50
-50
-49
-49
-49
-49
-49
-49
-49
-49
-49
-49
-49
-49
-49
-48
-48
-48
-48
-48
-48
-48
-48
-48
-48
-48
-48
-48
-48
-47
-47
-47
-47
-47
-47
-47
-47
-47
-47
-47
-47
-47
-47
-47
-47
-46
-46
-46
-46
-46
-46
-46
-46
-46
-46
-46
-46
-46
-46
-46
-46
-46
-46
-46
-46
-46
-46
-46
-46
-45
-45
-45
-45
-45
-45
-45
-45
-45
-45
-45
-45
-45
-45
-45
-45
-46
-46
-46
-46
-46
-46
-46
-46
-46
-46
-46
-47
-47
-47
-47
-47
-47
-48
-48
-48
-48
-48
-49
-49
-49
-49
-49
-50
-50
-50
-50
-51
-51
-51
-51
-52
-52
-52
-52
-53
-53
-53
-53
-54
-54
-54
-54
-55
-55
-55
-55
-55
-56
-56
-56
-56
-56
-56
-57
-57
-57
-57
-57
-57
-57
-57
-57
-58
-58
-58
-58
-58
-58
-58
-58
-58
-58
-58
-58
-58
-58
-58
-58
-58
-58
-58
-58
-58
-58
-58
-58
-58
-58
-58
-58
-58
-58
-58
-58
-57
-57
-57
-57
-57
-57
-57
-57
-57
-56
-56
-56
-56
-56
-56
-56
-55
-55
-55
-55
-55
-55
-55
-55
-54
-54
-54
-54
-54
-54
-54
-53
-53
-53
-53
-53
-53
-53
-52
-52
-52
-52
-52
-52
-52
-52
-51
-51
-51
-51
-51
-51
-51
-51
-50
-50
-50
-50
-50
-50
-50
-50
-50
-50
-50
-50
-50
-50
-49
-49
-49
-49
-49
-49
-49
-48
-48
-48
-48
-47
-47
-47
-47
-46
-46
-46
-45
-45
-45
-45
-44
-44
-44
-44
-43
-43
-43
-43
-43
-43
-43
-42
-42
-42
-41
-41
-40
-40
-39
-39
-38
-38
-38
-37
-37
-36
-36
-35
-35
-34
-34
-34
-33
-33
-32
-32
-31
-31
-30
-30
-30
-29
-29
-28
-28
-27
-26
-26
-25
-24
-23
-22
-21
-21
-20
-19
-18
-17
-16
-16
-15
-14
-13
-12
-11
-11
-10
-9
-8
-7
-6
-5
-4
-3
-2
-1
0
1
2
3
4
6
7
8
9
10
11
12
13
14
15
16
17
19
20
21
22
23
24
25
27
28
29
30
31
32
33
35
36
37
38
39
40
41
43
44
45
46
47
48
49
51
52
53
54
55
56
57
58
60
61
62
63
64
65
66
67
68
70
71
72
73
74
75
76
77
78
79
80
81
82
83
84
85
86
87
88
89
90
91
92
93
94
95
96
97
98
99
100
101
102
102
103
104
105
106
107
108
109
109
110
111
112
113
114
114
115
116
117
118
118
119
120
121
121
122
123
124
124
125
126
126
127
128
129
129
130
131
131
132
132
133
134
134
135
136
136
137
137
138
139
139
140
140
141
141
142
142
143
143
144
144
145
145
146
146
147
147
148
148
149
149
150
150
151
151
151
152
152
153
153
153
154
154
155
155
155
156
156
156
157
157
157
158
158
158
159
159
159
160
160
160
160
161
161
161
161
162
162
162
162
163
163
163
163
164
164
164
164
165
165
165
165
166
166
166
166
167
167
167
168
168
168
168
169
169
169
170
170
170
171
171
171
172
172
172
173
173
174
174
174
175
175
176
176
177
177
177
178
178
179
179
180
181
181
182
182
183
184
184
185
186
187
187
188
189
190
191
192
193
194
195
197
198
200
201
203
205
207
209
211
213
215
217
219
220
222
224
225
227
228
229
230
231
232
234
234
235
236
237
238
239
239
240
241
242
242
243
244
244
244
244
244
244
245
245
245
245
245
245
246
246
246
246
246
246
247
247
247
247
247
247
248
248
248
248
248
249
249
249
249
249
250
250
250
250
250
250
251
251
251
251
252
252
252
252
252
253
253
253
253
253
254
254
254
254
255
255
255
255
255
256
256
256
256
257
257
257
257
258
258
258
258
259
259
259
259
259
260
260
260
260
261
261
261
262
262
262
262
263
263
263
263
264
264
264
264
265
265
265
265
266
266
266
267
267
267
267
268
268
268
268
269
269
269
270
270
270
270
271
271
271
272
272
272
273
273
273
273
274
274
274
275
275
275
277
279
282
284
286
288
290
292
293
295
297
299
301
302
304
306
307
309
310
312
313
315
316
318
319
320
322
323
324
326
327
328
329
330
331
333
334
335
336
337
338
339
340
340
341
342
343
344
345
345
346
347
348
348
349
350
350
351
351
352
352
353
353
354
354
355
355
355
356
356
356
357
357
357
358
358
358
359
359
359
360
360
360
360
361
361
361
362
362
362
363
363
363
364
364
364
365
365
365
366
366
366
367
367
367
368
368
368
368
369
369
369
370
370
370
371
371
371
372
372
372
373
373
373
374
374
374
375
375
375
376
376
376
376
377
377
377
378
378
378
379
379
379
380
380
380
381
381
381
382
382
382
383
383
383
384
384
384
384
385
385
385
386
386
386
387
387
387
387
387
388
388
388
388
388
388
389
389
389
389
389
389
389
390
390
390
390
390
390
391
391
391
391
391
391
391
392
392
392
392
392
392
393
393
393
393
393
393
393
394
394
394
394
394
394
395
395
395
395
395
395
395
396
396
396
396
396
396
397
397
397
397
397
397
397
398
398
398
398
398
398
399
399
399
399
399
399
399
400
400
401
401
401
402
402
403
403
404
404
405
406
406
407
408
409
410
412
414
416
419
423
428
432
435
436
438
439
441
442
443
443
444
445
446
446
447
448
448
449
449
450
450
450
451
451
452
452
452
453
453
453
454
454
454
455
455
455
456
456
456
457
457
457
457
458
458
458
459
459
459
459
460
460
460
461
461
461
462
462
462
462
463
463
463
464
464
464
465
465
465
466
466
466
467
467
467
468
468
468
469
469
469
470
470
471
471
471
472
472
472
473
473
474
474
474
475
475
475
476
476
477
477
477
478
478
479
479
480
480
480
481
481
482
482
483
483
484
484
485
485
486
486
486
487
488
488
489
489
490
490
491
491
492
492
493
494
494
495
495
496
497
497
498
499
500
500
501
502
503
504
505
505
506
508
509
510
512
512
512
513
513
514
514
514
515
515
515
516
516
516
517
517
518
518
518
519
519
519
520
520
520
521
521
522
522
522
523
523
523
524
524
524
525
525
526
526
526
527
527
527
528
528
529
529
529
530
530
530
531
531
532
532
532
533
533
534
534
534
535
535
536
536
536
537
537
538
538
539
539
539
540
540
541
541
542
542
542
543
543
544
544
544
545
545
546
546
547
547
547
548
548
549
549
549
550
550
551
551
551
552
552
553
553
554
554
554
555
555
556
556
556
557
557
558
558
558
559
559
560
560
560
561
561
562
562
563
563
563
564
564
565
565
565
566
566
567
567
567
568
568
569
569
569
570
570
571
571
571
572
572
573
573
573
574
574
575
575
575
576
576
577
577
577
578
578
579
579
579
580
580
581
581
581
582
582
583
583
583
584
584
585
585
585
586
586
586
587
587
588
588
588
589
589
589
590
590
591
591
591
592
592
592
593
593
593
594
594
594
595
595
595
596
596
596
597
597
597
598
598
598
599
599
599
600
600
600
601
601
601
601
602
602
602
603
603
603
603
604
604
604
605
605
605
605
606
606
606
606
607
607
607
607
608
608
608
608
609
609
609
609
609
610
610
610
610
610
611
611
611
611
611
612
612
612
612
612
612
613
613
613
613
613
613
613
614
614
614
614
614
614
614
614
614
615
615
615
615
615
615
615
615
615
615
615
615
615
615
615
615
615
615
616
616
616
616
616
615
615
615
615
615
615
615
615
615
615
615
615
615
615
615
615
615
615
615
614
614
614
614
614
614
614
614
614
614
613
613
613
613
613
613
613
613
612
612
612
612
612
612
612
611
611
611
611
611
611
611
611
610
610
610
610
610
610
610
610
609
609
609
609
609
609
609
609
609
609
609
608
608
608
608
608
608
608
608
608
608
608
608
608
608
608
608
608
608
608
607
607
607
607
607
607
607
607
607
607
607
607
607
607
607
607
607
608
608
608
608
608
608
608
608
608
608
608
608
608
608
608
608
608
608
608
609
609
609
609
609
609
609
609
609
609
610
610
610
610
610
610
610
610
611
611
611
611
611
611
612
612
612
612
611
611
611
611
611
611
611
611
611
611
611
611
611
611
611
611
611
611
611
611
611
611
611
611
611
611
612
612
612
612
612
612
612
612
612
613
613
613
613
613
613
613
614
614
614
614
614
615
615
615
615
616
616
616
616
617
617
617
617
618
618
618
619
619
619
620
620
620
621
621
621
622
622
623
623
623
624
624
625
625
626
626
627
627
628
628
629
629
630
630
631
631
632
632
633
634
634
635
635
636
637
637
638
639
639
640
641
641
642
643
644
645
645
646
647
648
649
649
650
651
652
653
654
655
656
657
658
659
660
661
662
663
664
665
666
668
669
670
671
673
674
675
677
678
680
681
683
685
687
688
690
693
695
697
700
697
692
688
684
681
677
674
672
669
667
664
662
660
658
656
655
653
652
650
649
648
647
646
645
644
643
642
641
641
640
639
639
638
638
637
637
637
636
636
636
636
636
636
636
636
636
636
636
636
636
636
636
636
637
637
637
638
638
638
639
639
640
641
641
642
643
643
644
645
646
647
648
649
650
651
652
654
655
656
658
659
661
662
664
665
667
669
671
673
675
677
679
681
683
686
688
690
693
696
698
701
704
707
710
713
717
720
724
727
731
735
739
743
747
752
756
761
766
772
778
784
721
658
590
513
480
472
467
462
458
455
452
449
447
445
443
441
439
437
436
434
433
432
431
430
429
428
427
426
425
425
424
423
423
422
422
421
421
420
420
420
419
419
419
419
419
418
418
418
418
418
418
418
418
419
419
419
419
419
419
420
420
420
421
421
421
422
422
423
423
424
424
425
425
426
426
427
428
429
431
432
434
437
439
443
446
450
454
458
462
466
469
472
475
477
479
480
481
481
480
479
478
476
475
474
472
471
469
468
467
466
465
464
463
462
462
461
461
460
460
460
459
459
459
459
459
459
460
460
460
461
461
462
462
463
464
465
466
467
468
470
471
473
474
476
477
479
481
483
485
486
488
490
492
494
495
497
498
498
499
499
499
499
499
499
499
499
498
498
498
498
498
497
497
497
496
496
496
496
495
495
495
494
494
494
494
493
493
493
492
492
492
492
491
491
491
491
490
490
490
490
489
489
489
489
489
488
488
488
488
488
488
487
487
487
487
487
487
487
487
487
487
487
486
486
486
486
486
486
486
486
486
487
487
487
487
487
487
487
487
487
487
488
488
488
488
488
489
489
489
489
490
490
490
491
491
491
492
492
493
493
493
494
494
495
495
496
496
496
497
497
498
498
499
499
500
500
501
501
502
502
503
503
504
504
505
505
506
506
507
508
508
509
509
510
511
511
512
513
514
514
515
516
517
517
518
519
520
521
522
523
524
525
526
527
528
530
531
532
533
535
536
538
539
541
543
545
547
549
551
553
555
558
560
562
548
535
525
516
507
499
492
485
478
472
466
461
455
450
446
441
437
432
428
425
421
417
414
410
407
404
401
398
395
393
390
388
385
383
381
379
376
374
372
371
369
367
365
364
362
361
359
358
356
355
354
353
352
350
349
348
347
346
346
345
344
343
342
342
341
340
340
339
339
338
338
337
337
337
336
336
336
336
335
335
335
335
335
335
335
335
335
335
335
335
335
335
335
335
335
336
336
336
336
337
337
337
338
338
339
340
341
342
344
345
347
349
351
352
354
356
358
360
362
364
366
368
370
372
374
376
379
381
383
385
387
386
385
383
382
382
381
380
380
379
379
378
378
378
378
377
377
377
377
377
378
378
378
378
379
379
380
380
381
382
383
384
385
386
388
389
391
393
395
397
400
402
405
409
413
417
423
423
422
421
420
420
419
418
417
417
416
415
415
414
413
413
412
412
411
411
410
410
409
409
409
408
408
408
407
407
407
407
407
406
406
406
406
406
406
406
406
406
406
406
406
407
407
407
407
408
408
408
409
409
409
410
410
411
411
412
412
413
414
414
415
416
417
418
418
419
420
421
422
423
425
426
427
428
430
431
433
435
436
438
441
443
446
450
457
465
473
481
490
498
506
515
523
531
536
535
534
532
531
530
530
529
528
528
527
527
526
526
526
525
525
525
525
525
525
525
526
526
526
526
527
527
528
528
529
530
530
531
532
533
534
535
536
537
538
539
540
542
544
545
547
549
552
554
557
560
564
567
571
576
581
586
592
599
604
602
600
598
596
594
592
590
589
587
585
584
582
581
579
578
576
575
574
572
571
570
569
568
567
566
565
564
563
563
562
561
561
560
560
559
559
559
558
558
558
558
558
558
558
558
559
559
559
560
561
561
562
563
564
565
566
567
569
570
572
574
576
578
580
583
585
588
591
595
599
603
607
612
617
622
629
636
643
472
442
429
420
413
407
402
398
394
391
388
385
383
381
379
377
375
374
372
371
370
369
368
367
366
366
365
364
364
363
363
363
362
362
362
362
362
361
361
361
361
361
361
362
362
362
362
362
362
363
363
364
364
364
365
365
366
367
367
368
369
370
371
372
373
374
376
377
379
381
383
385
387
388
390
392
393
392
391
389
388
387
386
385
383
383
382
381
380
380
379
378
378
378
377
377
377
376
376
376
376
376
376
376
376
376
376
376
376
377
377
377
377
377
377
378
378
378
378
379
379
379
380
380
380
381
381
381
382
382
383
383
384
384
385
385
386
387
387
388
389
389
390
391
392
392
393
394
395
396
397
398
399
400
401
403
404
405
407
408
410
412
414
416
418
421
425
430
435
440
446
453
460
468
479
488
486
484
482
481
479
478
476
475
473
472
471
470
469
468
467
466
465
465
464
464
463
463
462
462
462
462
462
462
462
462
462
462
463
463
464
464
465
465
466
467
468
469
469
470
471
472
474
475
476
477
478
480
481
483
484
486
487
489
490
492
494
496
498
499
501
504
506
508
508
505
503
501
499
497
495
494
492
490
489
487
486
484
483
482
481
479
478
477
476
475
474
474
473
472
472
471
471
470
470
469
469
469
469
468
468
468
468
468
468
468
469
469
469
469
470
470
470
471
471
471
472
472
473
473
474
474
475
476
476
477
478
479
479
480
481
482
483
484
485
486
487
488
490
491
493
494
496
497
499
501
503
505
507
509
510
454
437
426
419
414
410
406
403
399
396
393
390
388
385
383
382
380
378
377
376
374
373
372
371
371
370
369
369
368
368
368
367
367
367
367
367
367
367
367
367
367
367
367
367
367
367
367
367
368
368
368
368
369
369
370
370
371
371
372
372
373
374
375
375
376
377
378
379
380
379
378
377
376
375
374
373
373
372
371
371
370
370
369
369
368
368
368
367
367
367
366
366
366
366
366
365
365
365
365
365
365
365
365
365
365
365
365
365
366
366
366
366
367
367
367
368
368
369
369
370
370
371
371
372
373
373
374
375
376
377
378
379
380
381
382
383
384
386
387
388
390
391
393
395
397
398
400
402
405
407
409
412
414
417
420
423
426
429
433
436
440
444
448
452
456
460
464
468
472
476
479
481
483
483
483
482
480
479
478
477
475
474
473
471
470
469
467
466
465
464
463
462
461
460
459
458
457
456
456
455
455
455
454
454
454
454
454
454
455
455
456
456
457
459
460
462
463
461
459
457
455
453
451
449
448
446
445
444
443
442
441
441
440
440
440
440
439
440
440
440
440
441
441
442
443
444
445
447
448
449
451
453
455
457
460
463
466
470
474
478
483
488
494
500
506
513
520
528
535
541
547
552
556
557
554
551
547
542
538
533
528
522
517
512
506
501
496
491
486
480
475
470
465
460
455
450
445
440
436
432
428
424
420
416
413
410
407
404
401
398
396
393
391
389
387
385
383
381
379
378
376
375
373
372
371
370
369
367
366
366
365
364
363
362
361
361
360
360
359
359
358
358
357
357
356
356
356
356
355
355
355
355
355
355
355
355
355
355
355
355
355
355
355
355
355
355
355
356
356
356
356
357
357
357
358
358
358
359
359
359
360
360
361
361
362
362
362
363
364
364
365
365
366
367
368
368
370
371
372
373
374
376
377
379
380
382
383
385
387
388
390
392
393
395
397
398
400
401
403
404
406
407
408
409
410
410
410
409
407
405
403
401
398
396
394
392
390
388
386
384
382
381
380
378
377
376
375
374
373
372
371
371
370
369
369
368
368
367
367
366
366
366
365
365
365
365
365
364
364
364
364
364
364
364
364
364
364
364
364
364
364
365
365
365
365
365
365
365
366
366
366
366
366
367
367
367
368
368
368
369
369
369
370
370
371
371
372
372
373
374
374
375
376
376
377
378
379
380
381
382
383
384
385
386
387
389
390
391
393
394
396
398
399
401
403
405
407
409
411
414
416
419
422
426
430
434
439
445
451
458
467
478
491
505
519
532
543
542
539
535
532
528
525
521
518
514
510
507
503
500
496
493
490
486
483
480
477
475
472
469
467
464
462
460
458
456
454
452
451
449
448
447
446
445
444
443
442
442
441
440
439
438
436
435
433
431
429
427
425
423
420
417
415
412
409
405
402
398
395
391
387
383
379
375
371
366
362
358
353
349
344
340
335
331
326
322
318
313
309
305
301
297
293
289
285
281
278
274
271
268
264
261
258
255
253
250
247
245
242
240
238
236
234
232
230
228
226
225
223
222
220
219
218
216
215
214
213
212
212
211
210
209
209
208
208
207
207
207
206
206
206
206
206
205
205
205
204
204
204
203
203
202
202
201
201
200
200
199
199
198
198
197
196
196
195
194
194
193
192
192
191
190
189
188
188
187
186
185
184
183
183
182
181
180
179
178
177
176
175
174
173
172
171
170
169
168
167
166
165
164
163
162
161
160
158
157
156
155
154
153
152
150
149
148
147
146
144
143
142
141
139
138
137
135
134
133
131
130
129
127
126
125
125
124
123
122
122
121
120
120
119
119
118
117
117
116
116
115
115
114
114
113
113
112
112
111
111
110
110
109
109
108
108
107
107
106
106
106
105
105
104
104
103
103
103
102
102
101
101
101
100
100
99
99
99
98
98
98
97
97
97
96
96
95
95
95
94
94
94
93
93
93
92
92
92
91
91
91
90
90
90
89
89
89
88
88
88
87
87
87
86
86
86
85
85
85
85
84
84
84
83
83
83
83
82
82
82
81
81
81
80
80
80
80
79
79
79
79
78
78
78
77
77
77
77
76
76
76
76
75
75
75
75
74
74
74
73
73
73
73
72
72
72
72
72
71
71
71
71
70
70
70
70
69
69
69
69
68
68
68
68
68
67
67
67
67
66
66
66
66
66
65
65
65
65
65
64
64
64
64
63
63
63
63
63
62
62
62
62
62
61
61
61
61
61
60
60
60
60
60
60
59
59
59
59
59
58
58
58
58
58
57
57
57
57
57
57
56
56
56
56
56
56
55
55
55
55
55
55
54
54
54
54
54
54
53
53
53
53
53
53
52
52
52
52
52
52
51
51
51
51
51
51
50
50
50
50
50
50
50
49
49
49
49
49
49
49
48
48
48
48
48
48
48
47
47
47
47
47
47
47
46
46
46
46
46
46
46
45
45
45
45
45
45
45
45
44
44
44
44
44
44
44
44
43
43
43
43
43
43
43
43
42
42
42
42
42
42
42
42
41
41
41
41
41
41
41
41
41
40
40
40
40
40
40
40
40
40
39
39
39
39
39
39
39
39
39
39
38
38
38
38
38
38
38
38
38
37
37
37
37
37
37
37
37
37
37
36
36
36
36
36
36
36
36
36
35
35
35
35
35
35
35
35
35
34
34
34
34
34
34
34
34
34
33
33
33
33
33
33
33
33
33
33
32
32
32
32
32
32
32
32
32
32
32
32
32
32
31
31
31
31
31
31
31
31
31
31
31
31
31
31
31
31
31
31
31
31
31
31
31
30
30
30
30
30
30
30
30
30
30
30
30
30
30
30
30
30
30
30
30
30
30
30
30
30
30
30
30
30
30
30
30
30
30
29
29
29
29
29
29
29
29
29
29
29
29
29
29
29
29
29
29
29
29
29
29
29
29
29
29
29
29
29
29
29
29
29
29
29
29
29
29
29
29
29
29
29
29
29
29
29
29
29
29
29
29
29
29
29
29
29
29
29
29
29
28
28
28
28
28
28
28
28
28
28
28
28
28
28
28
28
28
28
28
28
28
28
28
28
27
27
27
27
27
27
27
27
27
27
27
27
27
27
27
26
26
26
26
26
26
26
26
26
26
26
26
26
26
25
25
25
25
25
25
25
25
25
25
25
25
25
24
24
24
24
24
24
24
24
24
24
24
24
24
24
23
23
23
23
23
23
23
23
23
23
23
23
23
23
23
23
23
22
22
22
22
22
22
22
22
22
22
22
22
22
22
22
22
22
22
22
22
22
22
22
22
22
22
22
22
22
22
22
22
22
22
22
22
22
22
22
22
22
22
22
22
22
22
23
23
23
23
23
23
23
24
24
24
24
24
24
25
25
25
25
26
26
26
26
27
27
27
27
28
28
28
28
29
29
29
29
29
30
30
30
30
31
31
31
31
32
32
32
32
32
32
33
33
33
33
33
33
33
34
34
34
34
34
34
34
34
34
34
34
34
34
34
34
34
35
35
35
35
35
35
34
34
34
34
34
34
34
34
34
33
33
33
33
33
32
32
32
32
31
31
31
31
30
30
30
29
29
29
29
28
28
28
27
27
27
27
26
26
26
25
25
25
25
24
24
24
24
23
23
23
23
22
22
22
22
22
21
21
21
21
21
21
21
21
20
20
20
20
20
20
20
20
20
20
20
20
20
20
20
20
20
20
20
20
20
20
20
20
20
20
20
20
20
20
20
20
19
19
19
19
19
19
19
19
19
19
19
19
19
19
19
18
17
16
15
14
13
12
11
10
9
9
8
7
7
6
6
6
6
5
5
5
5
5
4
4
4
4
3
3
3
3
2
2
3
4
5
6
7
10
12
13
14
15
16
17
18
19
20
21
22
23
24
25
26
27
28
