9
8
7
5
4
3
2
0
-1
-2
-3
-5
-6
-7
-8
-10
-11
-12
-13
-15
-16
-17
-18
-20
-21
-22
-23
-25
-26
-27
-28
-30
-31
-32
-33
-35
-36
-37
-38
-40
-41
-42
-43
-45
-46
-47
-48
-50
-51
-52
-53
-55
-56
-57
-58
-60
-61
-62
-63
-65
-66
-67
-68
-70
-71
-72
-74
-75
-76
-77
-79
-80
-81
-82
-84
-85
-86
-87
-89
-90
-91
-92
-94
-95
-96
-97
-99
-100
-101
-102
-104
-105
-106
-107
-109
-110
-111
-112
-114
-115
-116
-117
-119
-120
-121
-122
-124
-125
-126
-127
-127
-127
-127
-125
-122
-121
-120
-120
-121
-122
-123
-125
-127
-128
-131
-133
-135
-137
-140
-143
-146
-149
-152
-155
-158
-161
-164
-167
-170
-173
-176
-179
-182
-185
-188
-191
-195
-198
-201
-204
-207
-210
-213
-216
-219
-222
-225
-229
-232
-235
-238
-241
-244
-248
-251
-254
-257
-261
-264
-267
-271
-274
-277
-281
-284
-288
-291
-295
-299
-303
-306
-310
-312
-314
-316
-317
-319
-320
-321
-323
-324
-325
-326
-327
-328
-329
-330
-331
-332
-333
-333
-334
-335
-336
-337
-338
-339
-340
-341
-342
-343
-343
-344
-345
-346
-347
-348
-349
-350
-351
-352
-353
-354
-355
-356
-357
-358
-359
-360
-361
-362
-363
-364
-365
-366
-367
-368
-369
-370
-371
-372
-374
-375
-376
-377
-378
-379
-380
-382
-383
-384
-385
-387
-388
-389
-391
-392
-393
-395
-396
-398
-399
-401
-402
-404
-406
-407
-409
-410
-412
-414
-415
-417
-419
-420
-422
-424
-425
-427
-429
-430
-432
-434
-435
-437
-439
-440
-442
-444
-445
-447
-449
-450
-452
-454
-455
-457
-459
-460
-462
-463
-465
-466
-468
-470
-471
-473
-474
-476
-477
-478
-480
-481
-483
-484
-486
-487
-488
-490
-491
-492
-494
-495
-496
-497
-498
-500
-501
-502
-503
-504
-505
-506
-508
-509
-510
-511
-512
-513
-514
-515
-516
-517
-518
-519
-520
-521
-522
-523
-524
-525
-527
-528
-529
-530
-531
-533
-534
-535
-536
-538
-539
-540
-541
-543
-544
-545
-546
-548
-549
-550
-551
-552
-554
-555
-556
-557
-558
-559
-560
-562
-563
-564
-565
-566
-567
-568
-568
-569
-570
-571
-572
-573
-573
-574
-575
-576
-576
-577
-578
-578
-579
-579
-580
-581
-581
-582
-582
-582
-583
-583
-584
-584
-584
-585
-585
-585
-586
-586
-586
-586
-586
-587
-587
-587
-587
-587
-587
-587
-587
-587
-587
-587
-588
-588
-587
-587
-587
-587
-588
-588
-588
-588
-589
-589
-590
-590
-591
-591
-592
-592
-593
-593
-594
-595
-595
-596
-597
-597
-598
-599
-600
-600
-601
-602
-603
-603
-604
-605
-606
-606
-607
-608
-609
-610
-611
-611
-612
-613
-614
-615
-616
-616
-617
-618
-619
-620
-621
-621
-622
-623
-624
-625
-626
-627
-627
-628
-629
-630
-631
-632
-633
-633
-634
-635
-636
-637
-638
-638
-639
-640
-641
-642
-643
-643
-644
-645
-646
-647
-647
-648
-649
-650
-651
-651
-652
-653
-654
-654
-655
-656
-656
-657
-658
-658
-659
-660
-660
-661
-661
-662
-663
-663
-664
-664
-665
-666
-666
-667
-667
-668
-668
-669
-670
-670
-671
-671
-672
-672
-673
-674
-674
-675
-675
-676
-676
-677
-677
-678
-679
-679
-680
-680
-681
-681
-682
-682
-683
-683
-684
-684
-685
-686
-686
-687
-687
-688
-688
-689
-689
-690
-690
-691
-691
-692
-692
-693
-693
-694
-694
-695
-695
-696
-696
-697
-697
-697
-698
-698
-699
-699
-700
-700
-701
-701
-702
-702
-703
-703
-704
-704
-705
-706
-706
-707
-708
-708
-709
-710
-711
-711
-712
-713
-714
-715
-716
-716
-717
-718
-719
-720
-721
-721
-722
-723
-724
-724
-725
-726
-726
-727
-728
-728
-729
-729
-730
-730
-731
-731
-732
-732
-732
-733
-733
-733
-734
-734
-734
-735
-735
-735
-735
-736
-736
-736
-736
-737
-737
-737
-737
-737
-737
-738
-738
-738
-738
-738
-739
-739
-739
-739
-739
-739
-739
-740
-740
-740
-740
-740
-740
-741
-741
-741
-741
-741
-741
-741
-742
-742
-742
-742
-742
-742
-742
-743
-743
-743
-743
-743
-743
-743
-744
-744
-744
-744
-744
-744
-745
-745
-745
-745
-745
-746
-746
-746
-746
-746
-747
-747
-747
-747
-748
-748
-748
-749
-749
-749
-749
-750
-750
-750
-750
-751
-751
-751
-751
-752
-752
-752
-753
-753
-753
-753
-754
-754
-754
-754
-755
-755
-755
-755
-755
-756
-756
-756
-756
-757
-757
-757
-757
-758
-758
-759
-759
-759
-760
-760
-761
-761
-762
-762
-763
-763
-764
-764
-765
-766
-766
-767
-767
-768
-769
-769
-770
-771
-771
-772
-773
-773
-774
-774
-775
-776
-776
-777
-778
-778
-779
-779
-780
-781
-781
-782
-782
-783
-784
-784
-785
-785
-786
-786
-787
-787
-788
-788
-788
-789
-789
-790
-790
-790
-790
-791
-791
-791
-791
-791
-791
-791
-792
-792
-792
-792
-792
-792
-792
-791
-791
-791
-791
-791
-791
-791
-791
-790
-790
-790
-790
-789
-789
-789
-789
-788
-788
-788
-787
-787
-787
-786
-786
-786
-785
-785
-784
-784
-784
-783
-783
-783
-782
-782
-782
-781
-781
-781
-780
-780
-780
-779
-779
-779
-779
-779
-778
-778
-778
-778
-778
-778
-778
-778
-778
-778
-778
-778
-778
-778
-778
-778
-778
-778
-779
-779
-779
-779
-779
-779
-779
-779
-779
-779
-779
-779
-779
-779
-779
-780
-780
-780
-780
-780
-780
-780
-780
-780
-780
-780
-780
-780
-780
-780
-780
-780
-780
-780
-781
-781
-781
-781
-781
-781
-781
-781
-781
-781
-781
-781
-781
-781
-781
-781
-781
-781
-781
-781
-781
-781
-781
-781
-781
-781
-781
-781
-781
-781
-781
-781
-781
-781
-781
-781
-781
-781
-781
-781
-781
-781
-782
-782
-782
-782
-782
-782
-782
-782
-782
-782
-782
-781
-781
-781
-781
-781
-781
-781
-781
-781
-781
-781
-781
-781
-781
-781
-781
-781
-781
-781
-781
-781
-781
-781
-781
-781
-781
-781
-781
-781
-781
-781
-781
-781
-781
-781
-781
-782
-782
-782
-782
-783
-783
-783
-784
-784
-784
-785
-785
-785
-786
-786
-787
-787
-788
-788
-789
-789
-790
-790
-791
-791
-792
-792
-793
-793
-794
-794
-795
-795
-796
-796
-797
-798
-798
-799
-799
-800
-800
-801
-802
-802
-803
-803
-804
-804
-805
-805
-806
-806
-807
-808
-808
-809
-809
-810
-810
-810
-811
-811
-812
-812
-813
-813
-813
-814
-814
-814
-814
-815
-815
-815
-815
-815
-815
-815
-815
-814
-814
-813
-812
-810
-808
-802
-801
-801
-800
-799
-799
-798
-798
-797
-796
-796
-795
-795
-794
-794
-793
-793
-792
-792
-791
-791
-790
-790
-789
-789
-788
-788
-787
-787
-787
-786
-786
-785
-785
-784
-784
-783
-783
-783
-782
-782
-781
-781
-780
-780
-780
-779
-779
-778
-778
-777
-777
-777
-776
-776
-775
-775
-775
-774
-774
-773
-773
-773
-772
-772
-772
-771
-771
-770
-770
-770
-769
-769
-769
-768
-768
-768
-767
-767
-767
-766
-766
-766
-765
-765
-765
-764
-764
-764
-763
-763
-763
-762
-762
-762
-762
-761
-761
-761
-761
-760
-760
-760
-760
-759
-759
-759
-759
-759
-759
-759
-759
-759
-759
-759
-759
-759
-759
-759
-759
-759
-760
-760
-760
-760
-760
-760
-761
-761
-761
-761
-762
-762
-762
-762
-763
-763
-763
-763
-764
-764
-764
-764
-765
-765
-765
-766
-766
-766
-766
-767
-767
-767
-768
-768
-768
-768
-769
-769
-769
-769
-770
-770
-770
-770
-771
-771
-771
-771
-772
-772
-772
-772
-772
-772
-772
-773
-773
-773
-773
-773
-773
-773
-773
-773
-773
-773
-773
-772
-772
-772
-772
-771
-771
-771
-771
-770
-770
-770
-769
-769
-769
-769
-768
-768
-768
-767
-767
-767
-766
-766
-765
-765
-765
-764
-764
-763
-763
-763
-762
-762
-761
-761
-760
-760
-760
-759
-759
-758
-758
-757
-757
-756
-756
-755
-754
-754
-753
-753
-752
-751
-751
-750
-750
-749
-748
-748
-747
-746
-746
-745
-744
-744
-743
-742
-741
-741
-740
-739
-738
-737
-736
-736
-735
-734
-733
-732
-731
-730
-729
-728
-727
-726
-725
-724
-723
-722
-720
-719
-718
-717
-715
-714
-713
-713
-713
-714
-714
-715
-715
-715
-716
-716
-716
-717
-717
-717
-718
-718
-718
-719
-719
-719
-720
-720
-720
-720
-721
-721
-721
-722
-722
-722
-722
-723
-723
-723
-723
-724
-724
-724
-724
-725
-725
-725
-725
-725
-726
-726
-726
-726
-726
-727
-727
-727
-727
-727
-727
-727
-728
-728
-728
-728
-728
-728
-728
-728
-728
-729
-729
-729
-729
-729
-729
-729
-729
-729
-729
-729
-729
-729
-729
-729
-729
-729
-729
-729
-729
-729
-729
-729
-729
-729
-729
-729
-729
-729
-729
-729
-729
-729
-728
-728
-728
-728
-728
-728
-728
-728
-728
-728
-727
-727
-727
-727
-727
-727
-727
-726
-726
-726
-726
-726
-726
-726
-725
-725
-725
-725
-725
-725
-725
-724
-724
-724
-724
-724
-724
-724
-724
-723
-723
-723
-723
-723
-723
-723
-723
-723
-723
-722
-722
-722
-722
-722
-722
-722
-722
-722
-722
-722
-722
-722
-722
-722
-722
-722
-722
-722
-722
-722
-722
-722
-722
-722
-722
-722
-722
-722
-722
-722
-722
-722
-722
-722
-722
-722
-722
-722
-722
-722
-722
-722
-722
-723
-723
-723
-723
-723
-723
-723
-723
-723
-724
-724
-724
-724
-724
-724
-724
-724
-723
-723
-723
-723
-723
-723
-723
-723
-722
-722
-722
-722
-722
-722
-722
-722
-722
-722
-722
-722
-722
-722
-722
-722
-722
-722
-722
-722
-722
-722
-723
-723
-723
-723
-723
-723
-723
-723
-723
-724
-724
-724
-724
-724
-724
-725
-725
-725
-725
-725
-726
-726
-726
-726
-727
-727
-727
-728
-728
-728
-728
-729
-729
-729
-730
-730
-730
-731
-731
-731
-732
-732
-733
-733
-734
-734
-734
-735
-735
-736
-736
-737
-737
-738
-738
-739
-739
-740
-740
-741
-742
-742
-743
-743
-744
-745
-745
-746
-747
-747
-748
-749
-749
-750
-751
-752
-752
-753
-754
-755
-756
-757
-757
-758
-759
-760
-761
-762
-763
-764
-765
-766
-767
-768
-769
-770
-771
-773
-774
-775
-776
-778
-779
-780
-782
-783
-785
-786
-788
-790
-792
-794
-796
-798
-800
-803
-806
-810
-815
-816
-816
-816
-815
-812
-802
-795
-790
-785
-781
-777
-773
-770
-767
-765
-762
-760
-758
-756
-754
-752
-751
-749
-748
-747
-746
-745
-744
-743
-742
-741
-741
-740
-740
-739
-739
-738
-738
-738
-738
-738
-737
-737
-737
-737
-738
-738
-738
-738
-738
-739
-739
-740
-740
-741
-741
-742
-742
-743
-744
-745
-745
-746
-747
-748
-749
-750
-752
-753
-754
-755
-757
-758
-759
-761
-763
-764
-766
-768
-769
-771
-773
-775
-777
-779
-781
-784
-786
-788
-791
-793
-796
-798
-801
-804
-807
-810
-813
-816
-819
-822
-825
-829
-832
-836
-840
-844
-848
-852
-856
-861
-865
-870
-875
-880
-882
-883
-885
-886
-888
-888
-888
-888
-888
-542
-540
-538
-536
-534
-532
-531
-529
-528
-527
-526
-525
-524
-523
-522
-521
-521
-520
-520
-519
-519
-518
-518
-517
-517
-517
-517
-517
-516
-516
-516
-516
-516
-516
-517
-517
-517
-517
-517
-518
-518
-518
-519
-519
-520
-520
-520
-521
-521
-522
-523
-523
-524
-526
-528
-530
-532
-535
-538
-541
-544
-548
-552
-555
-559
-562
-565
-567
-569
-571
-573
-574
-575
-575
-576
-576
-576
-576
-576
-576
-575
-574
-573
-572
-571
-569
-568
-566
-564
-563
-561
-560
-559
-558
-557
-556
-555
-555
-554
-554
-553
-553
-553
-553
-554
-554
-555
-556
-556
-557
-558
-560
-561
-562
-563
-565
-566
-568
-569
-571
-573
-575
-576
-578
-580
-581
-583
-585
-586
-588
-589
-589
-590
-590
-590
-591
-591
-591
-591
-591
-591
-591
-590
-590
-590
-590
-590
-589
-589
-589
-588
-588
-588
-587
-587
-587
-586
-586
-586
-585
-585
-585
-584
-584
-583
-583
-583
-582
-582
-582
-581
-581
-581
-580
-580
-580
-580
-579
-579
-579
-578
-578
-578
-578
-577
-577
-577
-577
-577
-576
-576
-576
-576
-576
-576
-575
-575
-575
-575
-575
-575
-575
-575
-575
-575
-575
-575
-575
-575
-575
-575
-575
-575
-575
-576
-576
-576
-576
-576
-576
-577
-577
-577
-577
-578
-578
-578
-579
-579
-579
-580
-580
-581
-581
-581
-582
-582
-583
-583
-583
-584
-584
-585
-585
-586
-586
-586
-587
-587
-588
-588
-589
-589
-590
-590
-591
-591
-592
-592
-593
-593
-594
-595
-595
-596
-597
-597
-598
-599
-599
-600
-601
-602
-602
-603
-604
-605
-606
-607
-608
-609
-610
-611
-612
-613
-615
-616
-617
-619
-620
-622
-624
-625
-627
-629
-631
-633
-635
-638
-640
-643
-645
-648
-651
-654
-657
-658
-658
-658
-658
-642
-615
-597
-584
-573
-563
-554
-546
-539
-532
-526
-520
-515
-510
-505
-500
-496
-492
-488
-484
-481
-477
-474
-471
-468
-465
-462
-460
-457
-455
-453
-451
-449
-447
-445
-443
-441
-440
-438
-436
-435
-434
-432
-431
-430
-429
-428
-427
-426
-425
-424
-423
-422
-422
-421
-420
-420
-419
-419
-418
-418
-417
-417
-417
-416
-416
-416
-416
-416
-415
-415
-415
-415
-415
-415
-416
-416
-416
-416
-416
-416
-417
-417
-417
-418
-419
-420
-422
-423
-425
-427
-428
-430
-432
-433
-435
-437
-439
-441
-443
-445
-447
-449
-451
-453
-455
-457
-459
-461
-463
-465
-467
-469
-469
-469
-469
-468
-465
-464
-462
-461
-459
-458
-457
-457
-456
-455
-455
-455
-455
-455
-455
-455
-455
-455
-456
-456
-457
-458
-459
-460
-461
-462
-464
-466
-467
-469
-472
-474
-477
-480
-483
-487
-491
-496
-501
-502
-502
-502
-502
-501
-500
-499
-498
-497
-496
-495
-494
-493
-492
-491
-490
-490
-489
-488
-488
-487
-486
-486
-485
-484
-484
-483
-483
-482
-482
-482
-481
-481
-481
-480
-480
-480
-480
-480
-480
-480
-480
-480
-480
-480
-480
-480
-480
-481
-481
-481
-482
-482
-482
-483
-483
-484
-485
-485
-486
-486
-487
-488
-489
-490
-490
-491
-492
-493
-494
-496
-497
-498
-499
-501
-502
-504
-505
-507
-509
-512
-514
-518
-524
-530
-537
-543
-550
-556
-563
-569
-576
-582
-589
-596
-602
-609
-612
-612
-612
-612
-612
-609
-607
-605
-603
-602
-600
-599
-598
-597
-596
-596
-595
-595
-594
-594
-594
-594
-594
-594
-594
-594
-595
-595
-596
-596
-597
-598
-598
-599
-600
-601
-602
-603
-604
-605
-607
-608
-610
-612
-614
-616
-619
-621
-624
-627
-630
-634
-637
-642
-646
-651
-656
-662
-668
-676
-677
-677
-677
-677
-676
-673
-671
-668
-666
-664
-662
-659
-657
-655
-653
-651
-649
-647
-646
-644
-642
-641
-639
-638
-636
-635
-633
-632
-631
-630
-629
-628
-627
-626
-625
-624
-624
-623
-623
-623
-622
-622
-622
-622
-623
-623
-624
-624
-625
-626
-627
-628
-629
-630
-632
-634
-635
-637
-639
-642
-644
-647
-649
-652
-655
-659
-662
-666
-670
-675
-679
-685
-690
-696
-703
-708
-710
-711
-711
-711
-711
-711
-709
-707
-700
-449
-446
-443
-440
-438
-436
-435
-433
-432
-431
-430
-429
-428
-427
-426
-426
-425
-425
-425
-424
-424
-424
-424
-424
-424
-424
-424
-424
-424
-424
-425
-425
-425
-426
-426
-427
-427
-428
-429
-430
-431
-432
-433
-434
-435
-436
-438
-440
-442
-444
-445
-447
-449
-450
-451
-452
-453
-453
-453
-453
-453
-453
-452
-451
-450
-448
-447
-445
-444
-443
-442
-441
-440
-439
-438
-438
-437
-437
-436
-436
-436
-435
-435
-435
-435
-435
-435
-435
-435
-435
-436
-436
-436
-436
-436
-436
-437
-437
-437
-437
-438
-438
-438
-439
-439
-439
-440
-440
-441
-441
-442
-442
-443
-443
-444
-444
-445
-446
-446
-447
-448
-449
-449
-450
-451
-452
-453
-454
-455
-456
-458
-459
-460
-461
-463
-465
-466
-468
-470
-473
-476
-480
-484
-488
-493
-498
-504
-509
-516
-523
-531
-541
-552
-553
-553
-553
-552
-551
-548
-545
-542
-540
-538
-535
-533
-531
-530
-528
-526
-525
-524
-522
-521
-520
-519
-518
-517
-517
-516
-516
-515
-515
-515
-515
-515
-516
-516
-517
-517
-518
-519
-519
-520
-521
-522
-523
-524
-525
-526
-527
-528
-530
-531
-532
-534
-535
-537
-538
-540
-541
-543
-545
-546
-548
-550
-552
-554
-556
-558
-560
-562
-564
-564
-564
-564
-563
-560
-557
-554
-552
-549
-547
-545
-543
-541
-539
-537
-535
-534
-532
-531
-529
-528
-527
-526
-525
-524
-523
-522
-521
-520
-520
-519
-519
-518
-518
-518
-518
-517
-517
-518
-518
-518
-518
-519
-519
-519
-520
-520
-520
-521
-521
-522
-522
-523
-523
-524
-525
-525
-526
-527
-528
-529
-530
-530
-531
-533
-534
-535
-536
-537
-539
-540
-542
-543
-545
-547
-549
-551
-553
-555
-558
-560
-563
-566
-568
-569
-569
-569
-569
-568
-459
-454
-449
-445
-441
-437
-434
-431
-429
-427
-425
-423
-421
-420
-419
-418
-417
-416
-415
-415
-414
-414
-414
-413
-413
-413
-413
-413
-413
-413
-413
-413
-413
-413
-413
-413
-414
-414
-414
-415
-415
-416
-416
-417
-417
-418
-419
-420
-420
-421
-422
-423
-424
-425
-426
-426
-426
-426
-425
-423
-422
-420
-419
-418
-418
-417
-416
-415
-415
-414
-413
-413
-412
-412
-411
-411
-410
-410
-410
-409
-409
-409
-409
-408
-408
-408
-408
-408
-408
-408
-408
-408
-408
-409
-409
-409
-409
-410
-410
-411
-411
-412
-412
-413
-413
-414
-415
-415
-416
-417
-418
-419
-420
-421
-422
-423
-424
-425
-427
-428
-429
-431
-432
-434
-436
-438
-440
-442
-444
-446
-448
-450
-453
-455
-458
-461
-464
-467
-470
-473
-476
-480
-483
-487
-490
-494
-498
-501
-505
-508
-511
-514
-517
-519
-520
-522
-522
-522
-523
-523
-522
-522
-521
-520
-519
-518
-517
-515
-514
-512
-511
-509
-508
-506
-505
-503
-502
-501
-499
-498
-497
-496
-495
-494
-493
-492
-492
-491
-491
-491
-492
-493
-494
-495
-497
-498
-501
-502
-502
-502
-502
-502
-501
-499
-496
-494
-492
-489
-487
-485
-483
-481
-480
-478
-477
-476
-476
-475
-475
-475
-476
-477
-478
-479
-480
-481
-483
-484
-486
-488
-491
-493
-496
-499
-503
-506
-510
-514
-519
-523
-528
-534
-539
-545
-551
-557
-563
-568
-573
-578
-582
-585
-588
-590
-591
-592
-592
-592
-592
-591
-590
-589
-586
-582
-578
-572
-566
-560
-553
-546
-540
-533
-526
-519
-512
-505
-499
-492
-486
-479
-473
-467
-462
-457
-452
-448
-444
-440
-436
-432
-429
-426
-423
-421
-418
-416
-414
-412
-410
-408
-406
-404
-403
-401
-400
-399
-398
-396
-395
-394
-393
-393
-392
-391
-390
-390
-389
-389
-388
-388
-387
-387
-387
-386
-386
-386
-386
-385
-385
-385
-385
-385
-385
-385
-385
-385
-385
-386
-386
-386
-386
-386
-387
-387
-387
-387
-388
-388
-388
-389
-389
-389
-390
-390
-391
-391
-392
-392
-393
-393
-394
-394
-395
-396
-397
-398
-399
-401
-402
-403
-405
-406
-408
-409
-411
-412
-414
-415
-417
-419
-420
-422
-423
-425
-426
-428
-429
-430
-431
-433
-434
-435
-435
-436
-436
-437
-437
-437
-437
-437
-436
-436
-435
-433
-432
-429
-427
-424
-421
-419
-416
-414
-411
-409
-407
-406
-404
-403
-401
-400
-399
-398
-397
-396
-395
-394
-394
-393
-393
-392
-392
-391
-391
-390
-390
-390
-390
-389
-389
-389
-389
-389
-389
-389
-389
-389
-389
-389
-389
-389
-389
-389
-389
-389
-390
-390
-390
-390
-390
-391
-391
-391
-391
-392
-392
-392
-393
-393
-394
-394
-395
-395
-396
-396
-397
-398
-398
-399
-400
-401
-401
-402
-403
-404
-405
-407
-408
-409
-410
-412
-413
-415
-416
-418
-419
-421
-423
-424
-426
-428
-430
-433
-435
-438
-441
-444
-448
-451
-455
-460
-465
-471
-477
-484
-492
-501
-510
-519
-529
-539
-548
-556
-561
-564
-565
-566
-566
-566
-565
-565
-563
-561
-558
-554
-550
-546
-542
-537
-533
-529
-524
-520
-516
-512
-507
-504
-500
-496
-493
-489
-486
-483
-481
-478
-475
-473
-471
-469
-467
-465
-464
-463
-461
-460
-460
-459
-458
-458
-457
-456
-456
-455
-454
-454
-453
-452
-452
-451
-451
-450
-449
-449
-448
-448
-447
-447
-446
-445
-445
-444
-443
-443
-442
-441
-440
-439
-438
-437
-436
-435
-433
-432
-431
-430
-429
-427
-426
-425
-424
-422
-421
-420
-419
-417
-416
-415
-414
-412
-411
-410
-408
-407
-406
-405
-404
-402
-401
-400
-399
-398
-397
-396
-395
-394
-393
-391
-390
-389
-388
-387
-386
-385
-384
-383
-382
-381
-380
-379
-378
-377
-376
-375
-374
-373
-372
-372
-371
-370
-369
-368
-367
-366
-365
-364
-363
-362
-361
-360
-359
-358
-357
-356
-356
-355
-354
-353
-352
-351
-350
-349
-348
-347
-346
-346
-345
-344
-343
-342
-341
-340
-339
-338
-337
-337
-336
-335
-334
-333
-332
-331
-330
-329
-329
-328
-327
-326
-325
-324
-323
-322
-321
-321
-320
-319
-318
-317
-316
-315
-315
-314
-313
-312
-311
-310
-309
-308
-308
-307
-306
-305
-304
-303
-302
-302
-301
-300
-299
-298
-297
-296
-296
-295
-294
-293
-292
-291
-291
-290
-289
-288
-287
-286
-285
-285
-284
-283
-282
-281
-280
-280
-279
-278
-277
-276
-275
-275
-274
-273
-272
-271
-270
-270
-269
-268
-267
-266
-265
-265
-264
-263
-262
-261
-261
-260
-259
-259
-258
-258
-257
-257
-256
-256
-255
-255
-254
-254
-253
-253
-252
-251
-251
-250
-250
-249
-249
-248
-248
-247
-247
-246
-246
-245
-245
-244
-244
-243
-243
-242
-241
-241
-240
-240
-239
-239
-238
-238
-237
-237
-236
-236
-235
-235
-234
-234
-233
-233
-232
-232
-231
-231
-230
-230
-229
-229
-228
-228
-227
-227
-226
-225
-225
-224
-224
-223
-223
-222
-222
-221
-221
-220
-220
-219
-219
-218
-218
-217
-217
-216
-216
-215
-215
-214
-214
-213
-213
-212
-212
-211
-211
-210
-210
-209
-209
-208
-208
-207
-207
-206
-206
-205
-205
-205
-204
-204
-203
-203
-202
-202
-201
-201
-200
-200
-199
-199
-198
-198
-197
-197
-196
-196
-195
-195
-194
-194
-193
-193
-192
-192
-191
-191
-191
-190
-190
-189
-189
-188
-188
-187
-187
-186
-186
-185
-185
-184
-184
-184
-183
-183
-182
-182
-181
-181
-180
-180
-179
-179
-178
-178
-178
-177
-177
-176
-176
-175
-175
-174
-174
-174
-173
-173
-172
-172
-171
-171
-170
-170
-170
-169
-169
-168
-168
-167
-167
-166
-166
-166
-165
-165
-164
-164
-163
-163
-163
-162
-162
-161
-161
-161
-160
-160
-159
-159
-158
-158
-158
-157
-157
-156
-156
-156
-155
-155
-154
-154
-154
-153
-153
-153
-152
-152
-151
-151
-151
-150
-150
-150
-149
-149
-148
-148
-148
-147
-147
-147
-146
-146
-146
-145
-145
-145
-144
-144
-144
-143
-143
-143
-142
-142
-142
-141
-141
-141
-140
-140
-140
-139
-139
-139
-139
-138
-138
-138
-137
-137
-137
-137
-136
-136
-136
-136
-135
-135
-135
-134
-134
-134
-134
-133
-133
-133
-133
-132
-132
-132
-132
-131
-131
-131
-131
-131
-130
-130
-130
-130
-129
-129
-129
-129
-129
-128
-128
-128
-128
-127
-127
-127
-127
-127
-126
-126
-126
-126
-126
-126
-125
-125
-125
-125
-125
-124
-124
-124
-124
-124
-124
-123
-123
-123
-123
-123
-123
-122
-122
-122
-122
-122
-122
-121
-121
-121
-121
-121
-121
-120
-120
-120
-120
-120
-120
-120
-120
-119
-119
-119
-119
-119
-119
-119
-118
-118
-118
-118
-118
-118
-118
-118
-117
-117
-117
-117
-117
-117
-117
-117
-117
-116
-116
-116
-116
-116
-116
-116
-116
-116
-116
-115
-115
-115
-115
-115
-115
-115
-115
-115
-115
-115
-114
-114
-114
-114
-114
-114
-114
-114
-114
-114
-114
-114
-113
-113
-113
-113
-113
-113
-113
-113
-113
-113
-113
-113
-113
-113
-113
-113
-112
-112
-112
-112
-112
-112
-112
-112
-112
-112
-112
-112
-112
-112
-112
-112
-112
-112
-112
-112
-112
-112
-111
-111
-111
-111
-111
-111
-111
-111
-111
-111
-111
-111
-111
-111
-111
-111
-111
-111
-111
-111
-111
-111
-111
-111
-111
-111
-111
-111
-111
-111
-111
-111
-111
-111
-111
-111
-111
-111
-111
-111
-111
-111
-111
-111
-111
-111
-111
-111
-111
-111
-111
-111
-111
-111
-111
-111
-111
-111
-111
-111
-111
-111
-111
-111
-111
-111
-111
-111
-111
-111
-111
-111
-111
-111
-111
-111
-111
-111
-111
-111
-111
-111
-111
-111
-111
-111
-111
-111
-111
-112
-112
-112
-112
-112
-112
-112
-112
-112
-112
-112
-112
-112
-112
-112
-112
-112
-112
-112
-112
-112
-112
-112
-112
-113
-113
-113
-113
-113
-113
-113
-113
-113
-113
-113
-113
-113
-113
-113
-113
-113
-113
-114
-114
-114
-114
-114
-114
-114
-114
-114
-114
-114
-114
-114
-114
-114
-115
-115
-115
-115
-115
-115
-115
-115
-115
-115
-115
-115
-115
-115
-116
-116
-116
-116
-116
-116
-116
-116
-116
-116
-116
-116
-117
-117
-117
-117
-117
-117
-117
-117
-117
-117
-117
-118
-118
-118
-118
-118
-118
-118
-118
-118
-118
-118
-119
-119
-119
-119
-119
-119
-119
-119
-119
-119
-120
-120
-120
-120
-120
-120
-120
-120
-120
-120
-121
-121
-121
-121
-121
-121
-121
-121
-121
-122
-122
-122
-122
-122
-122
-122
-122
-123
-123
-123
-123
-123
-123
-123
-123
-123
-124
-124
-124
-124
-124
-124
-124
-124
-125
-125
-125
-125
-125
-125
-125
-126
-126
-126
-126
-126
-126
-126
-126
-127
-127
-127
-127
-127
-127
-127
-128
-128
-128
-128
-128
-128
-128
-129
-129
-129
-129
-129
-129
-129
-130
-130
-130
-130
-130
-130
-130
-131
-131
-131
-131
-131
-131
-131
-132
-132
-132
-132
-132
-132
-133
-133
-133
-133
-133
-133
-133
-134
-134
-134
-134
-134
-134
-135
-135
-135
-135
-135
-135
-136
-136
-136
-136
-136
-136
-137
-137
-137
-137
-137
-137
-138
-138
-138
-138
-138
-139
-139
-139
-139
-139
-139
-140
-140
-140
-140
-140
-140
-141
-141
-141
-141
-141
-142
-142
-142
-142
-142
-143
-143
-143
-143
-143
-143
-144
-144
-144
-144
-144
-145
-145
-145
-145
-145
-146
-146
-146
-146
-146
-147
-147
-147
-147
-147
-148
-148
-148
-148
-149
-149
-149
-149
-149
-150
-150
-150
-151
-151
-151
-152
-152
-153
-153
-153
-154
-154
-154
-155
-155
-156
-156
-156
-157
-157
-157
-158
-158
-158
-159
-159
-160
-160
-160
-161
-161
-161
-161
-161
-160
-159
-159
-158
-157
-157
-156
-156
-155
-154
-154
-153
-152
-149
-146
-143
-141
-139
-138
-137
-136
-135
-134
-133
-132
-131
-130
-129
-128
-127
-126
-125
-124
-123
-123
-122
-121
-120
-119
-118
-118
-117
-116
-115
-114
-113
-112
-111
-110
-109
-108
-106
-105
-104
-103
-102
-101
-99
-98
-97
-95
-94
-92
-91
-89
-87
-84
-82
-80
-77
-74
-71
-68
-65
-62
-59
-55
-52
-48
-44
-40
-36
-32
-28
-24
-20
-15
-11
-6
-2
3
8
12
17
22
27
32
37
41
46
51
56
61
65
67
69
71
72
74
75
76
77
79
80
81
82
83
84
85
86
87
88
89
90
91
92
93
94
95
96
97
98
99
100
101
102
103
104
105
106
107
108
109
110
111
113
114
115
116
117
118
119
120
121
123
124
125
126
127
129
130
131
132
134
135
136
137
139
140
141
143
144
146
147
149
150
152
153
155
157
158
160
162
163
165
167
169
170
172
174
176
178
180
181
183
185
187
189
191
192
194
196
198
200
202
204
205
207
209
211
213
214
216
218
220
221
223
225
227
228
230
232
233
235
236
238
240
241
243
244
246
247
249
250
252
253
254
256
257
259
260
261
262
264
265
266
267
268
270
271
272
273
274
275
276
277
278
279
281
282
283
284
285
287
288
289
291
292
293
295
296
297
299
300
301
303
304
305
307
308
310
311
312
314
315
316
317
319
320
321
322
324
325
326
327
328
329
330
331
332
333
334
335
336
337
337
338
339
340
340
341
342
342
343
344
344
345
345
346
346
347
347
348
348
348
349
349
349
350
350
350
350
350
351
351
351
351
351
351
351
351
352
352
352
352
352
352
352
352
352
353
353
354
354
355
355
356
356
357
357
358
359
359
360
361
362
362
363
364
365
365
366
367
368
369
370
370
371
372
373
374
375
376
376
377
378
379
380
381
382
383
384
385
386
386
387
388
389
390
391
392
393
394
395
396
397
398
399
400
400
401
402
403
404
405
406
407
408
409
410
411
412
412
413
414
415
416
417
418
419
419
420
421
422
423
424
424
425
426
427
427
428
429
429
430
431
431
432
433
433
434
435
435
436
437
437
438
439
439
440
441
441
442
443
443
444
444
445
446
446
447
448
448
449
449
450
451
451
452
452
453
454
454
455
455
456
457
457
458
458
459
459
460
461
461
462
462
463
463
464
465
465
466
466
467
467
468
468
469
470
470
471
471
472
472
473
473
474
474
475
475
476
477
477
478
478
479
480
481
481
482
483
484
484
485
486
487
488
489
490
491
491
492
493
494
495
496
497
498
499
499
500
501
502
502
503
504
504
505
505
506
507
507
508
508
508
509
509
510
510
510
511
511
511
512
512
512
513
513
513
513
514
514
514
514
515
515
515
515
515
516
516
516
516
517
517
517
517
517
518
518
518
518
518
519
519
519
519
519
519
520
520
520
520
520
521
521
521
521
521
522
522
522
522
522
523
523
523
523
524
524
524
524
525
525
525
525
526
526
526
526
527
527
527
528
528
528
529
529
529
530
530
530
531
531
531
532
532
532
533
533
533
534
534
534
534
535
535
535
536
536
536
537
537
537
537
538
538
538
539
539
539
540
540
540
541
541
542
542
543
543
544
544
545
546
546
547
548
548
549
550
550
551
552
552
553
554
554
555
556
556
557
558
559
559
560
561
561
562
563
563
564
565
565
566
567
567
568
569
569
570
570
571
572
572
573
573
574
574
574
575
575
575
576
576
576
576
577
577
577
577
577
577
577
577
577
577
577
577
577
577
576
576
576
576
576
576
575
575
575
575
574
574
574
573
573
573
572
572
572
571
571
571
571
570
570
570
569
569
569
569
568
568
568
568
567
567
567
567
567
567
566
566
566
566
566
566
566
566
566
566
566
566
566
567
567
567
567
567
567
567
567
568
568
568
568
568
568
568
568
569
569
569
569
569
569
569
569
569
570
570
570
570
570
570
570
570
570
571
571
571
571
571
571
571
571
571
571
571
572
572
572
572
572
572
572
572
572
572
572
573
573
573
573
573
573
573
573
573
573
573
573
573
573
574
574
574
574
574
574
574
574
574
574
574
574
574
574
574
574
575
575
575
575
575
575
575
575
575
575
575
575
575
575
575
575
575
575
575
575
575
575
576
576
576
576
576
576
576
576
576
576
576
576
576
576
576
576
576
576
576
576
576
577
577
577
577
578
578
578
579
579
579
580
580
581
581
582
582
582
583
583
584
585
585
586
586
587
587
588
588
589
590
590
591
591
592
593
593
594
594
595
596
596
597
598
598
599
599
600
601
601
602
603
603
604
604
605
606
606
607
607
608
608
609
609
610
610
611
611
612
612
613
613
613
614
614
614
614
614
613
612
610
604
603
602
602
601
600
600
599
599
598
598
597
597
596
596
595
595
594
594
593
593
593
592
592
591
591
590
590
590
589
589
588
588
588
587
587
586
586
586
585
585
585
584
584
583
583
583
582
582
582
581
581
580
580
580
579
579
579
578
578
578
577
577
577
576
576
576
575
575
575
574
574
574
573
573
573
573
572
572
572
571
571
571
570
570
570
570
569
569
569
569
568
568
568
568
567
567
567
567
566
566
566
566
566
565
565
565
565
565
565
564
564
564
564
564
564
564
564
564
564
564
564
564
565
565
565
565
565
565
566
566
566
566
566
567
567
567
567
568
568
568
569
569
569
570
570
570
570
571
571
571
572
572
572
573
573
574
574
574
575
575
575
576
576
576
577
577
577
578
578
578
578
579
579
579
580
580
580
580
581
581
581
581
581
582
582
582
582
582
582
582
582
582
582
582
581
581
581
581
580
580
580
580
580
579
579
579
579
578
578
578
577
577
577
576
576
576
576
575
575
575
574
574
573
573
573
572
572
571
571
571
570
570
569
569
568
568
568
567
567
566
566
565
564
564
563
563
562
562
561
561
560
559
559
558
557
557
556
555
555
554
553
552
552
551
550
549
549
548
547
546
545
544
543
543
542
541
540
539
538
537
535
534
533
532
531
529
528
527
526
526
526
527
527
528
528
528
529
529
530
530
530
531
531
532
532
533
533
533
534
534
534
535
535
535
536
536
537
537
537
538
538
538
538
539
539
539
540
540
540
541
541
541
541
542
542
542
542
543
543
543
543
544
544
544
544
544
545
545
545
545
545
546
546
546
546
546
546
546
547
547
547
547
547
547
547
547
547
547
548
548
548
548
548
548
548
548
548
548
548
548
548
548
548
548
548
548
548
548
548
548
548
548
548
548
547
547
547
547
547
547
547
547
547
547
547
547
546
546
546
546
546
546
546
546
546
546
545
545
545
545
545
545
545
545
545
545
545
545
545
545
545
545
544
544
544
544
544
544
544
544
544
544
544
544
544
544
544
544
544
544
544
544
544
544
544
545
545
545
545
545
545
545
545
545
545
545
545
545
545
545
545
546
546
546
546
546
546
546
546
546
547
547
547
547
547
547
547
548
548
548
548
548
548
549
549
549
548
548
548
548
548
548
548
548
548
548
548
548
548
548
548
548
548
548
548
548
548
548
548
548
548
548
548
548
549
549
549
549
549
549
549
550
550
550
550
550
550
551
551
551
551
551
552
552
552
552
553
553
553
553
554
554
554
555
555
555
556
556
556
557
557
557
558
558
558
559
559
560
560
561
561
561
562
562
563
563
564
564
565
565
566
566
567
568
568
569
569
570
571
571
572
573
573
574
575
575
576
577
578
578
579
580
581
581
582
583
584
585
586
587
587
588
589
590
591
592
593
594
595
596
597
599
600
601
602
603
605
606
607
608
610
611
613
614
616
618
619
621
623
625
627
629
631
634
635
630
625
621
618
614
611
608
605
603
601
598
596
594
592
591
589
588
586
585
584
583
582
581
580
579
578
577
577
576
575
575
574
574
574
573
573
573
573
572
572
572
572
572
572
572
572
572
573
573
573
573
574
574
574
575
575
576
576
577
577
578
579
580
580
581
582
583
584
585
586
587
589
590
591
593
594
595
597
599
600
602
604
606
608
610
612
614
616
618
621
623
626
628
631
634
637
640
643
646
650
653
657
660
664
668
672
676
681
685
690
695
700
706
712
716
651
585
514
430
416
408
403
399
395
392
389
386
384
382
380
378
376
375
373
372
371
369
368
367
366
365
365
364
363
362
362
361
361
360
360
359
359
358
358
358
358
358
357
357
357
357
357
357
357
357
357
357
358
358
358
358
358
359
359
359
360
360
360
361
361
362
362
363
363
364
365
365
366
367
369
370
372
374
377
380
384
387
391
395
399
403
407
410
413
416
417
419
419
419
418
417
415
414
412
411
409
408
407
405
404
403
402
401
401
400
399
399
398
398
398
398
398
398
398
398
398
398
398
399
399
400
401
402
402
403
404
406
407
408
410
411
413
415
416
418
420
422
424
426
428
430
431
433
435
436
436
437
437
437
437
437
437
437
437
436
436
436
436
435
435
435
435
434
434
434
433
433
433
432
432
432
432
431
431
431
430
430
430
430
429
429
429
428
428
428
428
427
427
427
427
427
426
426
426
426
426
426
425
425
425
425
425
425
425
425
425
425
425
425
425
425
424
425
425
425
425
425
425
425
425
425
425
425
425
426
426
426
426
426
427
427
427
427
428
428
428
429
429
429
430
430
430
431
431
432
432
433
433
434
434
434
435
435
436
436
437
437
438
438
439
439
440
440
441
441
442
443
443
444
444
445
446
446
447
447
448
449
450
450
451
452
452
453
454
455
456
457
458
459
460
461
462
463
464
465
466
467
469
470
471
473
474
476
478
480
481
483
485
488
490
492
495
497
497
483
471
460
450
442
434
426
419
413
407
401
395
390
385
380
376
371
367
363
359
356
352
349
345
342
339
336
333
331
328
325
323
321
318
316
314
312
310
308
306
305
303
301
300
298
297
295
294
293
292
290
289
288
287
286
285
284
284
283
282
281
281
280
279
279
278
278
277
277
277
276
276
276
275
275
275
275
275
274
274
274
274
274
274
274
274
274
275
275
275
275
275
276
276
276
276
277
277
277
278
279
280
282
283
285
286
288
290
292
294
296
298
300
302
304
306
308
310
313
315
317
319
322
324
326
325
324
322
321
321
320
319
319
318
318
317
317
317
317
317
317
317
317
317
317
317
318
318
318
319
320
320
321
322
323
325
326
327
329
331
333
335
338
340
344
347
351
356
361
362
361
360
359
358
357
357
356
355
354
354
353
352
352
351
351
350
350
349
349
348
348
348
347
347
347
346
346
346
346
345
345
345
345
345
345
345
345
345
345
345
345
346
346
346
346
347
347
347
348
348
348
349
349
350
351
351
352
352
353
354
355
356
356
357
358
359
360
361
363
364
365
366
368
369
371
373
374
376
379
381
384
388
394
403
411
420
428
437
446
454
463
472
473
472
470
469
468
467
467
466
465
465
464
464
464
463
463
463
463
463
463
463
463
463
464
464
464
465
465
466
466
467
468
469
469
470
471
472
473
474
476
477
478
480
482
484
486
488
491
493
497
500
504
508
512
517
523
529
536
540
538
536
534
532
530
528
526
525
523
521
520
518
517
515
514
512
511
510
508
507
506
505
504
503
502
501
500
499
499
498
498
497
497
496
496
496
496
496
495
495
496
496
496
496
497
497
498
498
499
500
501
502
503
504
506
507
509
511
513
515
517
520
523
526
529
533
537
541
545
550
556
562
569
577
571
383
368
359
351
345
340
336
332
329
326
323
321
319
317
315
314
312
311
310
308
307
307
306
305
304
304
303
303
302
302
302
301
301
301
301
301
301
301
301
301
301
301
301
301
302
302
302
302
303
303
304
304
305
306
306
307
308
309
310
311
312
313
314
316
318
319
321
323
326
327
329
331
332
331
329
328
327
325
324
323
322
321
320
320
319
318
318
317
317
316
316
316
316
316
315
315
315
315
315
315
315
315
316
316
316
316
316
316
317
317
317
317
318
318
318
318
319
319
320
320
320
321
321
322
322
323
323
324
324
325
326
326
327
328
328
329
330
331
332
333
333
334
335
336
338
339
340
341
343
344
345
347
349
351
353
355
357
360
364
369
375
380
387
394
402
411
424
425
423
421
419
417
416
414
413
411
410
409
408
407
406
405
404
403
403
402
402
401
401
401
400
400
400
400
400
400
401
401
401
402
402
403
403
404
405
406
406
407
408
409
410
411
413
414
415
416
418
419
421
422
424
425
427
429
431
433
434
436
438
440
443
445
446
444
441
439
437
435
433
431
430
428
426
425
423
422
421
419
418
417
416
415
414
413
412
411
411
410
409
409
408
408
408
407
407
407
407
407
406
406
407
407
407
407
407
408
408
408
408
409
409
410
410
411
411
412
412
413
413
414
415
416
416
417
418
419
420
421
422
423
424
425
427
428
429
431
432
434
436
437
439
441
444
446
448
398
378
366
358
353
349
345
341
338
334
331
329
326
324
322
320
318
317
315
314
313
312
311
310
309
309
308
308
307
307
307
307
306
306
306
306
306
306
306
306
306
306
306
306
306
307
307
307
307
308
308
308
309
309
310
311
311
312
313
313
314
315
316
317
318
319
318
317
316
315
314
313
313
312
311
311
310
309
309
308
308
308
307
307
306
306
306
306
305
305
305
305
305
304
304
304
304
304
304
304
305
305
305
305
305
305
306
306
306
307
307
307
308
308
309
309
310
311
311
312
313
314
315
315
316
317
318
320
321
322
323
324
326
327
329
330
332
334
336
338
340
342
344
347
349
352
355
357
361
364
367
371
374
378
382
386
390
394
399
403
407
411
415
418
420
422
421
420
419
418
416
415
414
412
411
410
408
407
406
404
403
402
401
400
399
398
397
396
395
394
394
393
393
393
393
393
393
393
393
393
394
394
395
396
397
399
401
400
398
396
394
392
390
388
386
385
384
382
381
380
380
379
379
378
378
378
378
378
378
379
379
380
380
381
382
384
385
386
388
389
391
393
396
399
402
405
409
413
418
423
429
435
441
448
455
463
470
477
483
489
493
494
491
487
483
478
473
468
463
457
452
446
441
436
430
425
419
414
409
403
398
393
388
383
378
374
369
365
361
357
354
350
347
344
341
338
335
333
330
328
326
324
322
320
318
317
315
314
312
311
310
308
307
306
305
304
303
303
302
301
300
300
299
298
298
297
297
297
296
296
296
295
295
295
295
294
294
294
294
294
294
294
294
294
294
294
294
294
295
295
295
295
295
296
296
296
296
297
297
297
298
298
299
299
299
300
300
301
301
302
302
303
303
304
305
305
306
307
308
309
311
312
313
315
316
318
319
321
323
324
326
328
329
331
333
334
336
338
339
341
342
344
345
346
347
348
349
349
348
346
344
342
339
337
334
332
330
328
326
324
322
321
319
318
316
315
314
313
312
311
311
310
309
309
308
307
307
306
306
306
305
305
305
304
304
304
304
304
304
304
304
303
303
303
303
304
304
304
304
304
304
304
304
304
304
305
305
305
305
305
306
306
306
307
307
307
308
308
308
309
309
310
310
311
311
312
313
313
314
315
315
316
317
318
319
320
321
322
323
324
326
327
328
330
331
333
334
336
338
340
341
343
345
348
350
352
355
358
361
365
369
374
379
385
392
400
410
422
437
451
465
478
479
476
473
469
466
462
458
454
451
447
443
439
436
432
429
426
422
419
416
413
410
408
405
403
400
398
396
394
392
390
389
387
386
385
384
383
382
381
380
380
379
378
377
376
375
374
373
372
370
369
368
366
365
363
362
360
358
356
355
353
351
349
347
345
343
341
339
337
335
333
331
329
327
325
323
321
318
316
314
312
310
308
306
304
302
300
298
296
294
292
290
288
286
284
282
280
278
277
275
273
271
270
268
267
265
264
262
260
259
258
256
255
254
252
251
250
249
248
247
246
245
244
243
242
241
240
239
239
238
237
236
236
235
235
234
234
233
233
232
232
232
231
231
231
231
230
230
230
229
228
228
227
226
225
224
223
222
221
220
219
218
216
215
214
213
211
210
209
207
206
204
203
202
200
199
197
196
194
193
191
190
188
186
185
183
182
180
179
177
176
174
173
171
170
168
166
165
163
162
160
159
157
156
155
153
152
150
149
148
146
145
144
143
141
140
139
138
137
136
135
134
133
132
132
131
130
129
129
128
127
127
126
125
125
124
124
123
123
122
122
122
121
121
121
120
120
120
120
120
119
119
119
119
119
119
119
119
119
119
119
119
119
119
120
119
119
118
118
118
117
117
116
116
115
115
115
114
114
113
113
113
112
112
111
111
110
110
110
109
109
108
108
108
107
107
106
106
106
105
105
104
104
103
103
103
102
102
101
101
101
100
100
99
99
98
98
98
97
97
96
96
95
95
95
94
94
93
92
92
91
91
90
90
89
88
88
87
87
86
85
85
84
83
83
82
81
80
80
79
78
78
77
76
75
75
74
73
72
72
71
70
70
69
68
67
67
66
65
64
64
63
62
62
61
60
59
59
58
57
56
56
55
54
54
53
52
52
51
50
49
49
48
47
47
46
45
45
44
43
42
42
41
40
40
39
38
38
37
36
36
35
34
34
33
32
32
31
31
30
29
29
28
28
27
27
26
26
25
25
24
24
24
23
23
22
22
22
21
21
21
20
20
20
20
19
19
19
19
18
18
18
18
17
17
17
17
17
16
16
16
16
16
16
15
15
15
15
15
15
15
15
15
14
14
14
14
14
14
14
14
14
14
14
14
14
14
14
13
13
13
13
13
13
13
13
13
13
13
13
13
13
13
13
13
13
13
13
13
13
13
13
13
13
13
13
13
13
13
13
13
13
13
13
13
13
13
13
13
13
13
12
12
12
12
12
12
12
12
12
12
11
11
11
11
11
11
10
10
10
10
9
9
9
9
8
8
8
8
7
7
7
7
7
7
6
6
6
6
6
6
6
5
5
5
5
5
5
5
5
5
5
5
4
4
4
4
4
4
4
4
4
4
4
4
4
4
4
4
4
4
4
4
4
4
4
4
4
4
4
4
4
4
5
5
5
5
5
5
5
5
5
5
6
6
6
6
6
6
7
7
7
7
7
8
8
8
8
9
9
9
9
10
10
10
11
11
11
12
12
13
13
14
14
15
15
16
16
17
17
18
19
19
20
21
22
23
23
24
25
27
28
29
30
32
34
35
37
40
43
45
46
48
48
48
47
46
45
44
43
42
41
39
38
37
35
34
33
31
30
29
27
26
25
23
22
21
20
19
17
16
15
14
13
12
11
10
10
9
8
7
6
6
5
4
4
3
3
2
2
1
1
0
0
0
-1
-1
-1
-2
-2
-2
-2
-2
-2
-3
-3
-3
-3
-3
-3
-3
-3
-3
-3
-3
-3
-3
-3
-3
-3
-3
-3
-3
-3
-3
-3
-3
-3
-3
-3
-3
-3
-3
-3
-3
-3
-3
-3
-3
-3
-2
-2
-2
-2
-2
-2
-2
-2
-2
-2
-2
-2
-1
-1
-1
-1
-1
-1
-1
0
0
0
0
0
0
1
1
1
1
1
2
2
2
2
3
3
3
3
4
4
4
4
5
5
5
6
6
6
7
7
7
8
8
8
9
9
10
10
10
11
11
12
12
12
13
13
14
14
15
15
15
16
16
17
17
18
18
18
19
19
20
20
20
21
21
22
22
22
23
23
24
24
24
25
25
25
26
26
26
26
27
27
27
28
28
28
28
29
29
29
29
29
30
30
30
30
30
30
31
31
31
31
31
31
31
31
31
32
32
32
32
32
32
32
32
32
32
32
32
32
32
32
32
32
32
32
32
32
32
32
32
32
32
32
32
32
31
31
31
31
31
31
31
31
31
31
30
30
30
30
30
30
30
30
29
29
29
29
29
29
29
28
28
28
28
28
28
28
27
27
27
27
27
27
26
26
26
26
26
26
25
25
25
25
25
25
24
24
24
24
24
23
23
23
23
23
22
22
22
22
22
22
21
21
21
21
21
20
20
20
20
20
19
19
19
19
19
18
18
18
18
18
17
17
17
17
16
16
16
16
16
15
15
15
15
15
14
14
14
14
13
13
13
13
13
12
12
12
12
11
11
11
11
11
10
10
10
10
9
9
9
9
8
8
8
8
8
7
7
7
7
6
6
6
6
5
5
5
5
4
4
4
4
3
3
3
3
3
2
2
2
2
1
2
3
4
5
6
7
8
