28
28
27
27
27
26
26
25
25
25
24
24
24
23
23
22
22
22
21
21
20
20
20
19
19
18
18
18
17
17
16
16
16
15
15
14
14
14
13
13
12
12
12
11
11
11
10
10
9
9
9
8
8
7
7
7
6
6
5
5
5
4
4
3
3
2
2
1
1
0
0
0
-1
-1
-2
-2
-3
-3
-4
-4
-5
-5
-6
-6
-7
-7
-8
-8
-9
-9
-10
-10
-11
-11
-12
-12
-13
-14
-15
-16
-17
-18
-19
-20
-21
-22
-23
-24
-25
-27
-28
-29
-30
-31
-31
-32
-33
-34
-35
-36
-37
-38
-38
-39
-40
-41
-42
-43
-44
-44
-45
-46
-47
-48
-49
-49
-50
-51
-52
-53
-53
-54
-55
-56
-56
-57
-58
-59
-60
-60
-61
-62
-63
-63
-64
-65
-66
-66
-67
-68
-68
-69
-70
-71
-71
-72
-73
-73
-74
-75
-75
-76
-77
-77
-78
-79
-79
-80
-81
-81
-82
-83
-83
-84
-85
-85
-86
-86
-87
-88
-88
-89
-89
-90
-91
-91
-92
-92
-93
-94
-94
-95
-95
-96
-97
-97
-98
-98
-99
-99
-100
-100
-101
-101
-102
-103
-103
-104
-104
-105
-105
-106
-106
-107
-107
-108
-108
-109
-109
-110
-110
-111
-111
-112
-112
-113
-113
-114
-114
-115
-115
-116
-116
-117
-117
-118
-118
-118
-119
-119
-120
-120
-121
-121
-122
-122
-122
-123
-123
-124
-124
-125
-125
-126
-126
-126
-127
-127
-128
-128
-128
-129
-129
-130
-130
-130
-131
-131
-132
-132
-132
-133
-133
-134
-134
-134
-135
-135
-136
-136
-136
-137
-137
-137
-138
-138
-139
-139
-139
-140
-140
-140
-141
-141
-141
-142
-142
-142
-143
-143
-143
-144
-144
-145
-145
-145
-146
-146
-146
-147
-147
-147
-148
-148
-148
-148
-149
-149
-149
-150
-150
-150
-151
-151
-151
-152
-152
-152
-153
-153
-153
-153
-154
-154
-154
-155
-155
-155
-156
-156
-156
-156
-157
-157
-157
-158
-158
-158
-158
-159
-159
-159
-160
-160
-160
-160
-161
-161
-161
-161
-162
-162
-162
-163
-163
-163
-163
-164
-164
-164
-164
-165
-165
-165
-166
-166
-167
-167
-167
-168
-168
-168
-169
-169
-169
-170
-170
-170
-171
-171
-171
-172
-172
-172
-172
-173
-173
-173
-173
-174
-174
-174
-174
-175
-175
-175
-175
-176
-176
-176
-176
-176
-177
-177
-177
-177
-178
-178
-178
-178
-178
-179
-179
-179
-179
-180
-180
-180
-180
-181
-181
-181
-181
-182
-182
-182
-183
-183
-183
-183
-184
-184
-184
-185
-185
-185
-186
-186
-186
-186
-187
-187
-187
-187
-188
-188
-188
-188
-188
-189
-189
-189
-189
-189
-190
-190
-190
-190
-190
-190
-190
-191
-191
-191
-191
-191
-191
-191
-191
-192
-192
-192
-192
-192
-192
-192
-192
-192
-192
-192
-193
-193
-193
-193
-193
-193
-193
-193
-193
-193
-193
-193
-194
-194
-194
-194
-194
-194
-194
-194
-194
-194
-194
-194
-195
-195
-195
-195
-195
-195
-195
-195
-195
-196
-196
-196
-196
-196
-196
-196
-196
-197
-197
-197
-197
-197
-197
-198
-198
-198
-198
-198
-199
-199
-199
-199
-200
-200
-200
-200
-201
-201
-201
-202
-202
-202
-203
-203
-204
-204
-205
-205
-206
-206
-207
-207
-208
-208
-209
-209
-210
-210
-211
-212
-212
-213
-213
-214
-215
-215
-216
-217
-217
-218
-219
-219
-220
-220
-221
-222
-222
-223
-224
-224
-225
-226
-226
-227
-228
-228
-229
-230
-230
-231
-231
-232
-233
-233
-234
-234
-235
-235
-236
-237
-237
-238
-238
-239
-239
-240
-240
-241
-241
-241
-242
-242
-243
-243
-243
-244
-244
-244
-245
-245
-245
-245
-246
-246
-246
-246
-246
-247
-247
-247
-247
-247
-248
-248
-248
-248
-248
-248
-249
-249
-249
-249
-249
-249
-249
-250
-250
-250
-250
-250
-250
-250
-251
-251
-251
-251
-251
-251
-251
-252
-252
-252
-252
-252
-252
-252
-252
-253
-253
-253
-253
-253
-253
-253
-254
-254
-254
-254
-254
-254
-254
-254
-255
-255
-255
-255
-255
-255
-255
-256
-256
-256
-256
-256
-256
-256
-257
-257
-257
-257
-257
-258
-258
-258
-258
-258
-258
-259
-259
-259
-259
-259
-260
-260
-260
-260
-260
-260
-261
-261
-261
-261
-261
-261
-261
-262
-262
-262
-262
-262
-262
-262
-263
-263
-263
-263
-263
-263
-263
-263
-264
-264
-264
-264
-264
-264
-264
-264
-265
-265
-265
-265
-265
-265
-265
-265
-266
-266
-266
-266
-266
-266
-266
-266
-266
-267
-267
-267
-267
-267
-267
-267
-267
-267
-268
-268
-268
-268
-268
-268
-268
-268
-268
-269
-269
-269
-269
-269
-269
-269
-269
-269
-270
-270
-270
-270
-270
-270
-270
-271
-271
-271
-271
-271
-271
-271
-272
-272
-272
-272
-272
-272
-272
-273
-273
-273
-273
-273
-273
-274
-274
-274
-274
-274
-274
-274
-275
-275
-275
-275
-275
-275
-275
-276
-276
-276
-276
-276
-276
-276
-277
-277
-277
-277
-277
-277
-277
-278
-278
-278
-278
-278
-278
-278
-278
-279
-279
-279
-279
-279
-279
-279
-279
-279
-280
-280
-280
-280
-280
-280
-280
-280
-281
-281
-281
-281
-281
-281
-281
-281
-281
-281
-282
-282
-282
-282
-282
-282
-282
-282
-282
-283
-283
-283
-283
-283
-283
-283
-283
-283
-284
-284
-284
-284
-284
-284
-284
-284
-285
-285
-285
-285
-285
-285
-285
-285
-286
-286
-286
-286
-286
-286
-286
-286
-286
-287
-287
-287
-287
-287
-287
-287
-287
-288
-288
-288
-288
-288
-288
-288
-288
-288
-289
-289
-289
-289
-289
-289
-289
-289
-289
-289
-290
-290
-290
-290
-290
-290
-290
-290
-290
-290
-290
-291
-291
-291
-291
-291
-291
-291
-291
-291
-291
-291
-291
-291
-292
-292
-292
-292
-292
-292
-292
-292
-292
-292
-292
-292
-292
-292
-292
-292
-292
-292
-293
-293
-293
-293
-293
-293
-293
-293
-293
-293
-293
-293
-293
-293
-293
-293
-293
-293
-293
-293
-293
-293
-293
-293
-293
-293
-293
-293
-293
-293
-293
-293
-293
-293
-293
-293
-292
-292
-292
-292
-292
-292
-292
-291
-291
-290
-290
-289
-289
-288
-288
-287
-287
-286
-286
-286
-285
-285
-284
-284
-283
-283
-283
-282
-282
-281
-281
-281
-280
-280
-279
-279
-279
-278
-278
-278
-277
-277
-277
-276
-276
-276
-275
-275
-275
-274
-274
-274
-274
-273
-273
-273
-273
-272
-272
-272
-272
-272
-271
-271
-271
-271
-271
-271
-270
-270
-270
-270
-270
-270
-270
-270
-270
-270
-270
-270
-270
-270
-270
-271
-271
-271
-271
-272
-272
-273
-273
-274
-274
-275
-276
-277
-278
-279
-281
-283
-286
-288
-291
-294
-297
-300
-304
-308
-313
-319
-328
-350
-351
-351
-351
-350
-349
-348
-347
-346
-345
-344
-343
-342
-341
-340
-339
-338
-337
-336
-336
-335
-334
-333
-333
-332
-331
-330
-330
-329
-329
-328
-327
-327
-326
-326
-325
-325
-324
-324
-324
-323
-323
-323
-322
-322
-322
-321
-321
-321
-321
-321
-320
-320
-320
-320
-320
-320
-320
-320
-320
-320
-320
-320
-320
-320
-320
-320
-320
-320
-320
-321
-321
-321
-321
-322
-322
-322
-322
-323
-323
-323
-324
-324
-325
-325
-325
-326
-326
-327
-327
-328
-329
-330
-332
-333
-335
-336
-338
-339
-341
-342
-344
-346
-347
-349
-350
-352
-353
-355
-356
-358
-360
-361
-363
-364
-366
-367
-369
-370
-370
-370
-370
-368
-365
-363
-362
-360
-359
-359
-358
-357
-357
-356
-356
-356
-355
-355
-355
-355
-355
-355
-355
-355
-355
-355
-356
-356
-356
-356
-357
-359
-361
-363
-365
-367
-369
-371
-373
-374
-376
-378
-380
-382
-384
-386
-388
-390
-391
-392
-392
-392
-391
-387
-386
-385
-385
-384
-384
-384
-384
-383
-383
-383
-383
-383
-383
-383
-383
-383
-382
-383
-383
-383
-383
-383
-384
-384
-385
-385
-386
-387
-389
-391
-394
-412
-413
-414
-414
-413
-412
-410
-409
-408
-407
-406
-406
-406
-405
-405
-405
-405
-405
-405
-406
-408
-410
-412
-417
-427
-429
-429
-429
-429
-428
-427
-427
-426
-425
-425
-424
-424
-423
-423
-422
-422
-422
-421
-421
-421
-421
-420
-420
-420
-420
-420
-420
-420
-420
-420
-420
-420
-420
-420
-420
-421
-421
-421
-421
-422
-422
-423
-423
-424
-424
-425
-426
-476
-477
-477
-477
-477
-476
-476
-476
-476
-476
-476
-476
-476
-477
-477
-477
-478
-479
-479
-480
-481
-482
-483
-485
-488
-493
-501
-529
-529
-529
-529
-528
-525
-523
-521
-519
-517
-516
-515
-514
-513
-513
-512
-512
-512
-513
-513
-514
-515
-516
-518
-521
-524
-528
-533
-539
-547
-558
-574
-635
-636
-636
-636
-636
-635
-629
-623
-616
-610
-604
-597
-591
-585
-579
-572
-566
-559
-553
-546
-539
-533
-525
-518
-511
-500
-489
-486
-485
-484
-484
-483
-483
-483
-482
-482
-482
-482
-482
-482
-482
-482
-481
-481
-481
-482
-482
-482
-483
-484
-485
-486
-488
-489
-492
-495
-499
-547
-547
-547
-547
-547
-546
-545
-544
-543
-543
-543
-542
-542
-542
-542
-542
-542
-542
-543
-544
-546
-588
-589
-589
-588
-587
-585
-583
-581
-580
-578
-577
-575
-574
-573
-572
-572
-571
-570
-570
-569
-569
-568
-568
-568
-568
-568
-568
-568
-569
-569
-570
-600
-600
-600
-600
-600
-599
-598
-598
-597
-596
-596
-595
-595
-595
-594
-594
-594
-594
-594
-594
-594
-594
-595
-595
-596
-596
-597
-599
-601
-602
-605
-607
-610
-613
-616
-620
-662
-678
-688
-697
-704
-710
-715
-719
-720
-720
-720
-720
-720
-718
-717
-716
-715
-714
-713
-712
-711
-710
-709
-709
-708
-708
-708
-707
-707
-706
-706
-706
-706
-705
-705
-705
-705
-705
-705
-705
-705
-704
-704
-704
-704
-705
-705
-705
-705
-705
-705
-705
-706
-706
-706
-707
-707
-708
-710
-714
-718
-723
-729
-735
-742
-749
-757
-764
-771
-777
-783
-787
-791
-793
-795
-796
-797
-798
-798
-798
-798
-798
-798
-798
-798
-798
-797
-796
-794
-793
-787
-775
-764
-755
-746
-738
-730
-722
-714
-706
-699
-692
-685
-677
-670
-663
-656
-649
-642
-635
-629
-622
-615
-609
-602
-596
-589
-579
-572
-565
-558
-552
-545
-539
-533
-527
-520
-514
-508
-502
-496
-490
-484
-477
-471
-464
-456
-446
-435
-425
-414
-403
-392
-381
-370
-360
-350
-339
-330
-324
-322
-320
-318
-316
-315
-314
-312
-311
-311
-310
-309
-309
-308
-308
-307
-307
-307
-307
-307
-306
-306
-307
-307
-307
-307
-307
-307
-308
-308
-308
-309
-309
-310
-310
-311
-312
-354
-355
-355
-355
-355
-355
-355
-355
-355
-355
-356
-356
-357
-357
-358
-359
-359
-360
-361
-362
-363
-364
-366
-367
-369
-370
-405
-406
-407
-407
-407
-407
-407
-407
-407
-407
-407
-407
-407
-407
-407
-407
-407
-407
-408
-408
-408
-409
-410
-411
-413
-414
-417
-419
-422
-425
-429
-434
-439
-445
-452
-461
-473
-476
-477
-477
-476
-476
-467
-457
-446
-436
-426
-415
-404
-394
-383
-372
-361
-351
-340
-331
-330
-330
-329
-329
-329
-329
-329
-329
-381
-382
-382
-382
-381
-381
-381
-381
-380
-380
-380
-380
-381
-381
-381
-381
-382
-382
-383
-384
-405
-406
-406
-406
-406
-406
-405
-405
-405
-405
-405
-405
-405
-405
-406
-406
-406
-407
-407
-408
-409
-410
-411
-412
-483
-484
-484
-484
-484
-484
-483
-483
-483
-483
-483
-483
-483
-483
-484
-484
-484
-484
-595
-596
-597
-597
-596
-595
-594
-592
-591
-589
-588
-587
-586
-586
-585
-584
-583
-583
-582
-581
-581
-580
-580
-579
-578
-578
-577
-577
-577
-576
-576
-576
-576
-576
-577
-577
-578
-578
-579
-580
-581
-582
-583
-584
-585
-587
-589
-591
-593
-596
-599
-602
-607
-612
-621
-637
-667
-705
-732
-749
-759
-767
-772
-776
-779
-781
-782
-783
-783
-784
-784
-784
-783
-783
-781
-779
-775
-771
-765
-759
-751
-743
-733
-724
-713
-702
-689
-677
-663
-649
-634
-618
-602
-586
-568
-550
-532
-513
-492
-472
-450
-418
-385
-373
-366
-361
-357
-355
-352
-351
-349
-348
-347
-347
-346
-346
-345
-345
-345
-345
-345
-345
-346
-346
-346
-347
-348
-348
-349
-351
-352
-354
-356
-358
-362
-366
-367
-367
-367
-366
-366
-365
-365
-364
-363
-363
-362
-362
-362
-361
-361
-360
-360
-360
-359
-359
-359
-358
-358
-358
-358
-358
-358
-358
-359
-360
-361
-363
-364
-366
-368
-371
-373
-377
-380
-384
-388
-389
-390
-390
-389
-388
-387
-386
-385
-384
-382
-381
-380
-379
-378
-376
-375
-374
-373
-372
-372
-371
-371
-371
-370
-370
-370
-370
-369
-369
-369
-369
-369
-369
-368
-368
-368
-368
-368
-368
-368
-368
-369
-369
-369
-369
-369
-369
-370
-370
-370
-370
-371
-371
-372
-372
-372
-373
-374
-375
-376
-377
-379
-381
-383
-438
-439
-439
-439
-439
-438
-438
-437
-437
-436
-436
-435
-435
-435
-434
-434
-434
-433
-433
-433
-433
-433
-432
-433
-433
-433
-433
-433
-434
-435
-436
-437
-439
-444
-508
-509
-509
-509
-509
-508
-507
-505
-504
-503
-502
-501
-500
-499
-498
-497
-496
-496
-495
-494
-493
-493
-492
-492
-491
-491
-490
-490
-490
-491
-492
-493
-495
-498
-502
-508
-517
-582
-588
-592
-595
-597
-599
-600
-601
-602
-602
-603
-603
-603
-602
-602
-601
-599
-595
-588
-580
-572
-563
-553
-543
-533
-523
-513
-504
-494
-484
-474
-464
-455
-445
-436
-427
-418
-410
-401
-393
-385
-378
-371
-364
-358
-352
-346
-341
-336
-332
-329
-326
-323
-322
-322
-322
-322
-323
-323
-323
-324
-324
-324
-325
-326
-326
-327
-328
-329
-331
-332
-334
-337
-372
-372
-372
-372
-371
-368
-362
-357
-353
-349
-346
-343
-341
-339
-337
-335
-333
-332
-330
-329
-328
-327
-327
-326
-326
-325
-325
-325
-325
-325
-325
-326
-326
-327
-328
-330
-333
-337
-343
-344
-344
-344
-344
-342
-339
-337
-336
-334
-333
-332
-331
-331
-330
-329
-329
-328
-327
-327
-326
-326
-326
-325
-325
-325
-325
-326
-326
-327
-328
-330
-334
-340
-348
-356
-366
-376
-386
-395
-402
-406
-408
-409
-409
-409
-408
-407
-404
-397
-387
-376
-366
-358
-352
-346
-341
-337
-333
-330
-328
-325
-323
-321
-320
-319
-318
-317
-317
-317
-318
-318
-318
-319
-320
-322
-323
-325
-326
-327
-327
-327
-327
-327
-327
-326
-319
-317
-316
-315
-314
-314
-313
-313
-312
-312
-312
-312
-313
-314
-315
-317
-318
-321
-323
-326
-330
-334
-340
-341
-342
-342
-341
-340
-336
-334
-332
-331
-329
-328
-327
-326
-325
-324
-323
-323
-322
-321
-321
-320
-319
-319
-318
-318
-317
-317
-317
-318
-318
-319
-319
-321
-322
-324
-326
-329
-333
-338
-345
-347
-347
-347
-347
-346
-342
-340
-338
-336
-335
-334
-333
-332
-331
-331
-330
-330
-329
-329
-329
-328
-328
-329
-330
-331
-333
-334
-335
-337
-338
-339
-340
-340
-341
-341
-341
-340
-339
-331
-327
-325
-323
-321
-319
-317
-316
-315
-314
-313
-312
-311
-310
-310
-309
-308
-308
-308
-307
-307
-307
-307
-307
-307
-308
-308
-308
-309
-309
-310
-311
-312
-313
-314
-315
-316
-318
-319
-321
-323
-324
-326
-327
-328
-329
-329
-329
-329
-328
-327
-326
-323
-321
-318
-316
-313
-312
-310
-308
-307
-306
-305
-304
-303
-302
-302
-301
-301
-300
-300
-300
-300
-299
-299
-299
-299
-299
-298
-298
-298
-298
-298
-298
-298
-298
-298
-299
-299
-299
-299
-300
-300
-301
-301
-302
-303
-304
-306
-308
-310
-315
-321
-321
-321
-321
-320
-318
-315
-313
-311
-310
-308
-306
-305
-304
-302
-301
-300
-299
-298
-297
-297
-296
-295
-295
-294
-294
-294
-293
-293
-293
-293
-293
-293
-293
-293
-293
-294
-294
-294
-295
-295
-296
-296
-297
-298
-299
-300
-301
-303
-305
-308
-313
-316
-317
-317
-317
-316
-312
-308
-304
-301
-298
-295
-292
-289
-287
-285
-283
-281
-279
-277
-276
-274
-273
-272
-270
-269
-268
-268
-267
-266
-266
-265
-265
-265
-264
-264
-264
-265
-265
-265
-266
-266
-267
-268
-269
-270
-271
-273
-275
-277
-279
-282
-285
-288
-292
-297
-304
-306
-306
-306
-306
-305
-304
-303
-301
-300
-299
-298
-297
-296
-295
-294
-293
-292
-292
-291
-290
-289
-289
-288
-288
-287
-287
-286
-286
-286
-285
-285
-285
-285
-285
-285
-286
-286
-286
-287
-287
-287
-288
-289
-289
-290
-291
-292
-293
-294
-296
-298
-300
-304
-309
-310
-310
-310
-309
-303
-297
-293
-289
-286
-283
-281
-279
-277
-275
-274
-272
-271
-270
-268
-267
-266
-266
-265
-264
-263
-263
-262
-262
-261
-261
-261
-260
-260
-260
-260
-260
-259
-259
-259
-259
-259
-260
-260
-260
-260
-260
-261
-261
-262
-262
-263
-264
-265
-266
-267
-269
-270
-272
-275
-277
-280
-283
-287
-292
-299
-300
-300
-300
-299
-298
-296
-294
-292
-290
-288
-286
-285
-283
-281
-280
-278
-276
-275
-273
-272
-270
-269
-267
-266
-265
-264
-262
-261
-260
-259
-258
-257
-256
-255
-254
-253
-253
-252
-252
-251
-251
-250
-250
-250
-249
-249
-249
-249
-250
-250
-250
-250
-251
-251
-252
-253
-254
-255
-256
-257
-259
-260
-262
-264
-266
-269
-271
-275
-279
-284
-287
-288
-288
-288
-287
-286
-285
-283
-282
-281
-280
-278
-277
-276
-275
-274
-272
-271
-270
-269
-268
-267
-266
-265
-263
-262
-261
-260
-259
-259
-258
-257
-257
-258
-258
-259
-260
-262
-263
-265
-268
-270
-271
-271
-271
-270
-268
-264
-261
-258
-255
-252
-249
-247
-244
-242
-239
-237
-235
-233
-231
-229
-228
-226
-225
-223
-222
-221
-220
-219
-218
-218
-217
-217
-216
-216
-216
-216
-216
-216
-217
-217
-218
-219
-220
-221
-222
-223
-224
-225
-227
-228
-230
-231
-233
-235
-237
-239
-242
-244
-246
-249
-252
-255
-258
-261
-263
-263
-263
-263
-262
-256
-253
-251
-249
-247
-245
-243
-242
-240
-239
-238
-237
-236
-236
-235
-235
-234
-234
-234
-233
-233
-233
-233
-233
-232
-232
-232
-232
-232
-232
-232
-232
-232
-232
-233
-233
-233
-233
-233
-233
-233
-234
-234
-234
-234
-235
-235
-235
-236
-236
-236
-236
-235
-235
-235
-235
-235
-234
-234
-234
-234
-234
-233
-233
-233
-233
-232
-230
-229
-227
-226
-225
-224
-223
-222
-221
-220
-219
-219
-218
-217
-217
-216
-215
-215
-214
-214
-213
-213
-212
-212
-211
-211
-211
-210
-210
-210
-209
-209
-209
-208
-208
-208
-207
-207
-207
-207
-206
-206
-206
-206
-205
-205
-205
-205
-205
-205
-204
-204
-204
-204
-204
-204
-204
-203
-203
-203
-203
-203
-203
-203
-203
-203
-203
-202
-202
-202
-202
-202
-202
-202
-202
-202
-202
-202
-202
-202
-202
-202
-202
-202
-202
-202
-202
-202
-202
-202
-202
-202
-202
-202
-202
-202
-202
-202
-202
-202
-202
-202
-202
-202
-202
-202
-202
-202
-202
-202
-202
-202
-203
-203
-203
-203
-203
-203
-203
-203
-203
-204
-204
-204
-204
-204
-204
-204
-205
-205
-205
-204
-204
-204
-204
-204
-204
-204
-204
-204
-204
-204
-204
-204
-204
-204
-204
-204
-204
-204
-204
-204
-203
-203
-203
-203
-203
-203
-203
-203
-203
-203
-203
-203
-203
-203
-203
-203
-203
-203
-203
-203
-203
-202
-202
-202
-202
-202
-202
-202
-202
-202
-202
-202
-202
-202
-202
-202
-202
-202
-202
-202
-202
-202
-201
-201
-201
-201
-201
-201
-201
-201
-201
-201
-201
-201
-201
-200
-200
-200
-200
-200
-199
-199
-199
-199
-199
-198
-198
-198
-198
-197
-197
-197
-197
-196
-196
-196
-196
-195
-195
-195
-195
-194
-194
-194
-194
-193
-193
-193
-192
-192
-192
-192
-191
-191
-191
-190
-190
-190
-189
-189
-189
-189
-188
-188
-188
-187
-187
-187
-186
-186
-186
-185
-185
-185
-184
-184
-184
-184
-183
-183
-183
-182
-182
-182
-181
-181
-181
-180
-180
-180
-179
-179
-179
-178
-178
-178
-178
-177
-177
-177
-176
-176
-176
-175
-175
-175
-174
-174
-174
-174
-173
-173
-173
-172
-172
-172
-172
-171
-171
-171
-171
-170
-170
-170
-170
-169
-169
-169
-169
-169
-168
-168
-168
-168
-168
-168
-167
-167
-167
-167
-167
-167
-167
-166
-166
-166
-166
-166
-166
-166
-166
-166
-166
-166
-165
-165
-165
-165
-165
-165
-165
-165
-165
-165
-165
-165
-165
-165
-165
-165
-165
-165
-165
-164
-164
-164
-164
-164
-164
-164
-164
-164
-163
-163
-163
-163
-163
-162
-162
-162
-162
-161
-161
-161
-160
-160
-160
-159
-159
-159
-158
-158
-158
-157
-157
-156
-156
-155
-155
-154
-154
-153
-153
-152
-152
-151
-151
-150
-149
-149
-148
-147
-146
-146
-145
-144
-143
-143
-142
-142
-141
-140
-140
-140
-139
-139
-138
-138
-138
-137
-137
-137
-137
-136
-136
-136
-136
-135
-135
-135
-135
-135
-134
-134
-134
-134
-134
-133
-133
-133
-133
-133
-133
-133
-132
-132
-132
-132
-132
-132
-132
-132
-131
-131
-131
-131
-131
-131
-131
-131
-131
-131
-131
-130
-130
-130
-130
-130
-130
-130
-130
-130
-130
-130
-130
-130
-130
-130
-130
-130
-130
-130
-130
-129
-129
-129
-129
-129
-129
-129
-129
-129
-129
-129
-129
-129
-129
-129
-129
-129
-130
-130
-130
-130
-130
-130
-130
-130
-130
-130
-130
-130
-130
-130
-130
-130
-130
-130
-130
-130
-130
-130
-130
-131
-131
-131
-131
-131
-131
-131
-131
-131
-131
-131
-131
-130
-130
-130
-130
-130
-130
-129
-129
-129
-129
-128
-128
-128
-127
-127
-127
-126
-126
-125
-125
-124
-124
-124
-123
-123
-122
-122
-121
-121
-120
-120
-120
-119
-119
-118
-118
-117
-117
-116
-116
-116
-115
-115
-114
-114
-113
-113
-113
-112
-112
-111
-111
-111
-110
-110
-109
-109
-109
-108
-108
-107
-107
-107
-106
-106
-105
-105
-104
-104
-103
-102
-102
-101
-101
-100
-100
-99
-98
-98
-97
-97
-96
-96
-95
-94
-94
-93
-93
-92
-92
-91
-91
-90
-90
-89
-89
-88
-88
-87
-87
-87
-86
-86
-85
-85
-85
-85
-84
-84
-84
-83
-83
-83
-83
-82
-82
-82
-82
-82
-81
-81
-81
-81
-81
-81
-81
-81
-81
-80
-80
-80
-80
-80
-80
-81
-81
-81
-81
-81
-81
-81
-81
-81
-81
-82
-82
-82
-82
-82
-82
-83
-83
-83
-83
-83
-83
-84
-84
-84
-84
-84
-85
-85
-85
-85
-85
-86
-86
-86
-86
-86
-86
-86
-86
-86
-86
-85
-85
-85
-85
-84
-84
-84
-83
-83
-83
-82
-82
-82
-81
-81
-81
-80
-80
-80
-79
-79
-78
-78
-77
-77
-77
-76
-76
-75
-75
-74
-74
-73
-73
-73
-72
-72
-71
-71
-70
-70
-69
-69
-69
-68
-68
-67
-67
-66
-66
-66
-65
-65
-64
-64
-64
-63
-63
-62
-62
-62
-61
-61
-61
-60
-60
-60
-59
-59
-59
-59
-58
-58
-58
-57
-57
-57
-57
-56
-56
-56
-56
-56
-55
-55
-55
-55
-55
-55
-55
-54
-54
-54
-54
-54
-54
-54
-54
-54
-54
-54
-54
-54
-54
-54
-54
-54
-54
-54
-54
-54
-54
-54
-54
-54
-54
-54
-54
-54
-54
-54
-54
-54
-54
-54
-54
-54
-55
-55
-55
-55
-55
-55
-55
-55
-55
-55
-55
-55
-55
-55
-55
-55
-55
-55
-55
-55
-55
-55
-55
-55
-54
-54
-54
-54
-54
-54
-54
-54
-54
-54
-53
-53
-53
-53
-53
-53
-52
-52
-52
-52
-52
-51
-51
-51
-51
-50
-50
-50
-49
-49
-49
-49
-48
-48
-48
-47
-47
-47
-46
-46
-46
-46
-45
-45
-45
-44
-44
-44
-43
-43
-43
-42
-42
-42
-41
-41
-41
-40
-40
-40
-39
-39
-39
-38
-38
-38
-37
-37
-37
-36
-36
-36
-36
-35
-35
-35
-34
-34
-34
-34
-33
-33
-33
-33
-32
-32
-32
-32
-32
-31
-31
-31
-31
-31
-31
-30
-30
-30
-30
-30
-30
-30
-30
-30
-29
-29
-29
-29
-29
-29
-29
-29
-29
-29
-29
-29
-29
-29
-29
-28
-28
-28
-28
-28
-28
-28
-28
-28
-28
-28
-28
-28
-28
-28
-28
-28
-28
-28
-28
-28
-28
-28
-28
-28
-28
-28
-28
-28
-28
-28
-28
-28
-28
-28
-28
-28
-28
-28
-28
-28
-27
-27
-27
-27
-27
-27
-27
-27
-27
-27
-27
-27
-27
-27
-27
-27
-27
-27
-27
-27
-27
-27
-27
-27
-27
-27
-27
-27
-28
-28
-28
-28
-28
-28
-28
-28
-28
-28
-28
-28
-28
-28
-28
-28
-28
-27
-27
-27
-27
-27
-27
-27
-27
-27
-27
-27
-27
-28
-28
-28
-28
-28
-28
-28
-28
-28
-28
-28
-28
-28
-28
-28
-28
-28
-28
-28
-28
-27
-27
-27
-27
-27
-27
-27
-27
-26
-26
-26
-26
-26
-26
-26
-25
-25
-25
-25
-25
-25
-25
-24
-24
-24
-24
-24
-24
-24
-23
-23
-23
-23
-23
-23
-22
-22
-22
-22
-22
-22
-22
-21
-21
-21
-21
-21
-21
-20
-20
-20
-20
-20
-20
-19
-19
-19
-19
-19
-18
-18
-18
-18
-18
-17
-17
-15
-15
-15
-15
-15
-15
-14
-14
-14
-14
-14
-14
-14
-13
-13
-13
-13
-13
-13
-13
-12
-12
-12
-12
-12
-12
-12
-11
-11
-11
-11
-11
-11
-11
-11
-10
-10
-10
-10
-10
-10
-10
-10
-9
-9
-9
-9
-9
-9
-9
-9
-8
-8
-8
-8
-8
-8
-8
-8
-7
-7
-7
-7
-7
-7
-7
-7
-6
-6
-6
-6
-6
-6
-6
-6
-5
-5
-5
-5
-5
-5
-5
-5
-4
-4
-4
-4
-4
-4
-4
-4
-3
-3
-3
-3
-3
-3
-3
-3
-2
-2
-2
-2
-2
-2
-2
-2
-2
-1
-1
-1
-1
-1
-1
-1
-1
0
0
0
0
0
0
0
0
1
1
1
1
1
1
1
1
1
2
2
2
2
2
2
2
2
3
3
3
3
3
3
3
3
3
4
4
4
4
4
5
5
5
6
6
7
7
7
8
8
8
9
9
9
10
10
11
11
11
12
12
12
13
13
13
14
14
15
15
15
16
16
16
17
17
17
18
18
19
19
19
20
20
20
21
21
21
22
22
23
23
23
24
24
25
26
27
28
29
30
31
33
34
35
36
37
38
39
40
41
42
43
44
44
45
46
47
48
49
50
50
51
52
53
54
54
55
56
57
57
58
59
60
60
61
62
62
63
64
64
65
65
66
67
67
68
69
69
70
70
71
71
72
72
73
74
74
75
75
76
76
77
77
78
78
79
79
80
80
80
81
81
82
82
83
83
84
84
85
85
85
86
86
87
87
87
88
88
89
89
89
90
90
91
91
91
92
92
93
93
93
94
94
94
95
95
96
96
96
97
97
97
98
98
98
99
99
99
100
100
100
101
101
101
102
102
102
103
103
103
104
104
104
105
105
105
106
106
106
107
107
107
108
108
108
108
109
109
109
110
110
110
111
111
111
112
112
112
112
113
113
113
114
114
114
115
115
115
115
116
116
116
117
117
117
118
118
118
118
119
119
119
120
120
120
120
121
121
121
122
122
122
122
123
123
123
124
124
124
124
125
125
125
126
126
126
126
127
127
127
127
128
128
128
129
129
129
129
130
130
130
130
131
131
131
132
132
132
133
133
133
134
134
134
135
135
135
136
136
137
137
137
137
138
138
138
139
139
139
140
140
140
140
141
141
141
141
142
142
142
143
143
143
143
144
144
144
144
145
145
145
145
146
146
146
146
146
147
147
147
147
148
148
148
148
149
149
149
149
149
150
150
150
150
151
151
151
151
151
152
152
152
152
153
153
153
153
154
154
154
154
154
155
155
155
155
156
156
156
156
157
157
157
157
158
158
158
158
159
159
159
159
160
160
160
160
161
161
161
161
162
162
162
163
163
163
163
164
164
164
165
165
165
166
166
166
167
167
167
167
168
168
168
168
168
169
169
169
169
169
170
170
170
170
170
170
171
171
171
171
171
171
171
171
172
172
172
172
172
172
172
172
172
173
173
173
173
173
173
173
173
173
173
174
174
174
174
174
174
174
174
174
174
174
175
175
175
175
175
175
175
175
175
176
176
176
176
176
176
176
176
177
177
177
177
177
177
178
178
178
178
178
178
179
179
179
179
180
180
180
180
181
181
181
181
182
182
182
183
183
184
184
184
185
185
186
186
187
187
188
188
189
189
190
191
191
192
192
193
194
194
195
195
196
197
197
198
199
199
200
201
201
202
203
203
204
205
205
206
207
207
208
209
209
210
211
211
212
213
213
214
215
215
216
217
217
218
218
219
219
220
221
221
222
222
223
223
223
224
224
225
225
226
226
226
227
227
227
227
228
228
228
228
228
229
229
229
229
229
229
230
230
230
230
230
230
230
230
230
231
231
231
231
231
231
231
231
231
231
231
231
231
231
232
232
232
232
232
232
232
232
232
232
232
232
232
232
232
232
232
232
232
232
232
233
233
233
233
233
233
233
233
233
233
233
233
233
233
233
233
233
233
233
233
234
234
234
234
234
234
234
234
234
234
234
234
235
235
235
235
235
235
235
236
236
236
236
236
236
237
237
237
237
238
238
238
238
238
239
239
239
239
240
240
240
240
241
241
241
241
242
242
242
242
243
243
243
243
244
244
244
244
245
245
245
245
246
246
246
247
247
247
247
248
248
248
248
249
249
249
249
250
250
250
250
250
251
251
251
251
252
252
252
252
252
253
253
253
253
253
254
254
254
254
254
255
255
255
255
255
256
256
256
256
256
256
257
257
257
257
257
257
258
258
258
258
258
258
258
259
259
259
259
259
259
259
259
259
259
259
259
259
259
259
259
259
259
259
259
259
259
259
259
259
259
259
258
258
258
258
258
258
258
257
257
257
257
257
257
257
256
256
256
256
256
256
255
255
255
255
255
254
254
254
254
254
254
254
253
253
253
253
253
253
253
253
253
253
253
252
252
252
252
252
252
252
252
252
252
252
252
252
253
253
253
253
253
253
253
253
253
254
254
255
255
256
257
257
258
258
259
259
260
260
261
261
262
262
263
263
264
264
264
265
265
266
266
266
267
267
268
268
268
269
269
269
270
270
270
270
271
271
271
272
272
272
272
273
273
273
273
274
274
274
274
275
275
275
275
276
276
276
276
276
277
277
277
277
277
277
278
278
278
278
278
278
279
279
279
279
279
279
279
280
280
280
280
280
280
280
280
280
281
280
280
280
279
279
279
278
278
277
277
277
276
276
276
275
275
275
274
274
274
273
273
273
272
272
272
271
271
271
270
270
270
270
269
269
269
268
268
268
268
267
267
267
266
266
266
266
265
265
265
265
264
264
264
264
264
263
263
263
263
262
262
262
262
262
261
261
261
261
261
261
260
260
260
260
260
260
260
260
259
259
259
259
259
259
259
259
259
259
259
259
259
259
259
259
259
259
259
259
259
259
259
259
259
260
260
260
260
260
261
261
261
262
262
263
263
264
264
265
266
267
268
269
270
272
274
276
279
282
285
289
293
297
302
309
318
335
334
333
332
331
330
329
328
328
327
326
325
324
324
323
322
322
321
320
320
319
318
318
317
317
316
316
315
315
315
314
314
313
313
313
312
312
312
311
311
311
311
311
310
310
310
310
310
310
310
309
309
309
309
309
309
309
309
309
310
310
310
310
310
310
310
310
311
311
311
311
312
312
312
312
313
313
313
314
314
315
315
316
316
316
317
317
318
319
319
320
320
321
322
322
323
324
325
325
326
327
328
329
331
332
333
334
336
337
339
341
343
346
348
352
353
352
351
351
350
349
349
348
348
347
347
347
346
346
346
346
346
346
346
346
346
346
346
346
346
346
347
347
347
347
348
348
349
351
353
355
357
359
361
363
365
367
369
371
373
375
377
379
378
377
377
376
376
376
375
375
375
375
375
375
374
374
374
374
374
374
374
374
374
374
374
374
374
375
375
375
376
376
377
377
378
379
380
382
383
385
389
395
399
399
398
398
397
397
397
397
397
396
396
396
397
397
397
398
399
400
401
403
406
410
418
418
417
417
416
416
415
415
415
414
414
414
413
413
413
413
413
413
412
412
412
412
412
412
412
412
412
412
412
412
413
413
413
413
413
414
414
414
415
415
416
416
417
418
418
419
420
421
422
424
426
428
431
438
469
469
470
470
470
471
471
472
472
473
474
475
476
477
479
481
484
489
512
510
509
508
508
507
506
506
506
505
505
505
505
505
506
506
506
507
507
508
509
510
512
514
517
521
526
533
542
557
597
592
586
581
576
571
565
560
554
549
543
538
532
527
521
515
509
502
490
485
483
481
480
479
479
478
478
477
477
477
476
476
476
476
476
476
476
476
475
475
475
475
475
475
476
476
476
476
477
478
478
479
480
481
483
484
487
489
493
498
508
537
537
536
536
536
536
536
536
536
536
536
537
537
537
538
539
541
543
547
572
570
569
569
568
567
566
566
565
565
564
564
563
563
563
563
563
563
563
563
563
563
563
563
564
564
565
566
567
568
570
574
591
590
590
590
589
589
589
589
589
589
589
589
589
589
589
590
590
591
591
592
592
593
595
596
598
600
602
605
607
611
615
620
627
700
708
712
711
710
709
709
708
707
706
705
705
704
704
704
703
703
703
702
702
702
702
701
701
701
701
701
701
700
700
700
700
700
700
700
700
700
700
701
701
701
701
701
701
702
702
702
702
703
703
703
704
705
707
710
713
718
724
732
740
750
759
768
777
783
788
791
793
795
795
795
794
792
791
782
774
766
759
751
745
738
732
725
719
713
707
700
695
689
683
677
671
665
660
654
648
642
637
631
626
620
615
609
604
598
593
587
579
573
567
562
556
551
546
541
535
530
525
520
515
510
505
499
494
489
484
479
473
468
462
455
447
439
431
423
415
407
399
391
383
375
367
359
351
343
336
329
325
322
320
318
317
315
314
313
312
311
310
309
308
308
307
306
306
306
305
305
305
304
304
304
304
304
304
304
304
304
304
305
305
305
305
305
306
306
307
307
307
308
309
309
310
311
311
312
313
315
316
318
320
323
327
355
355
356
356
357
358
359
360
361
362
363
364
366
367
369
370
372
374
377
381
405
405
405
406
406
406
406
406
406
406
406
406
406
407
407
408
409
410
412
413
415
418
421
424
428
432
438
444
449
441
433
426
418
410
402
394
386
378
369
361
353
345
337
331
331
330
330
329
329
329
328
328
328
328
328
328
328
328
328
329
329
330
330
331
332
333
334
336
340
380
380
380
381
381
381
382
383
383
385
386
389
404
404
404
404
404
404
405
405
405
405
405
406
406
407
407
408
409
409
410
411
412
414
415
416
418
420
423
427
483
483
483
484
484
484
484
485
485
486
487
488
489
492
503
506
511
583
582
581
581
580
580
579
579
578
578
577
577
576
576
576
576
576
576
576
577
577
577
578
578
579
579
580
581
581
582
583
585
586
587
589
591
593
595
598
601
604
609
616
628
756
768
775
780
783
782
779
775
770
765
759
753
746
738
731
723
715
707
698
689
680
670
660
650
640
630
619
609
598
587
575
564
552
540
529
516
504
492
479
466
453
439
420
402
389
380
373
368
364
361
359
357
355
353
352
351
350
349
349
348
348
347
347
347
347
347
347
347
347
347
347
347
347
347
348
348
349
349
350
351
352
353
355
356
358
360
363
367
366
366
365
365
364
364
363
363
363
362
362
362
361
361
361
360
360
360
360
360
360
360
360
360
360
360
361
362
362
364
365
366
368
370
372
375
377
381
385
388
387
386
385
384
383
382
381
379
378
377
376
375
375
374
374
374
373
373
373
373
372
372
372
372
372
372
371
371
371
371
371
371
371
371
371
371
371
371
371
371
371
372
372
372
372
372
373
373
373
374
374
374
375
375
376
376
377
378
379
380
381
382
384
386
389
392
396
406
439
438
438
437
437
437
437
436
436
436
436
436
436
436
436
436
436
436
436
437
437
438
438
439
440
441
443
445
449
460
505
504
504
503
502
501
500
499
499
498
497
497
496
496
495
495
495
494
494
494
494
494
494
494
495
495
496
497
499
501
504
507
513
524
601
603
605
606
604
599
593
587
580
573
566
558
551
543
536
528
520
513
505
498
490
483
475
468
461
453
446
439
432
425
418
412
405
399
393
387
381
375
370
364
359
355
350
346
342
339
336
333
331
329
328
327
327
327
327
327
327
327
327
327
328
328
328
329
329
329
330
330
331
332
333
334
335
336
337
339
341
344
347
352
350
348
346
344
342
340
339
338
337
336
335
334
333
333
332
332
331
331
331
331
331
330
330
331
331
331
331
331
332
332
333
334
335
337
339
343
342
341
340
339
338
337
337
336
335
335
334
334
333
333
332
332
332
331
331
331
331
331
331
331
331
332
332
333
333
334
335
337
340
346
354
366
380
395
403
395
386
379
372
366
361
356
352
348
345
342
339
336
334
332
330
329
327
326
325
325
324
324
324
324
324
324
324
324
324
325
325
326
326
327
328
329
331
329
327
325
324
323
322
322
321
320
320
320
319
319
319
319
319
319
319
319
320
320
321
322
323
324
326
328
331
334
337
341
340
339
337
336
335
334
333
333
332
331
330
330
329
328
328
327
327
326
326
325
325
325
325
325
325
325
325
325
325
326
326
327
328
329
331
333
335
337
341
345
346
344
343
342
341
341
340
339
339
338
338
337
337
337
337
336
336
336
336
336
336
336
337
338
340
341
343
344
345
344
341
338
335
333
331
330
328
327
326
324
323
322
321
320
320
319
318
318
317
317
317
316
316
316
316
315
315
315
315
315
316
316
316
316
317
317
318
318
319
319
320
321
322
323
325
326
327
329
331
332
334
336
335
332
330
327
325
323
322
320
319
317
316
315
314
314
313
312
312
311
311
310
310
309
309
309
309
308
308
308
308
308
308
307
307
307
307
307
307
307
307
307
307
308
308
308
308
309
309
309
310
310
311
312
312
313
314
316
317
319
322
322
321
319
318
316
315
314
313
312
311
310
309
308
307
307
306
305
305
305
304
304
303
303
303
303
303
303
303
303
303
303
303
303
303
303
304
304
304
305
305
306
306
307
308
309
309
311
312
313
315
317
316
313
310
307
305
302
300
298
296
294
292
291
289
288
286
285
284
283
282
281
280
279
278
278
277
277
276
276
275
275
275
275
275
275
275
275
275
275
276
276
276
277
278
278
279
280
281
283
284
286
288
290
292
295
298
302
307
313
312
311
310
309
308
307
306
305
304
304
303
302
302
301
300
300
299
299
298
298
297
297
297
297
296
296
296
296
296
296
296
297
297
297
297
298
298
298
299
299
300
301
301
302
303
304
305
306
307
309
310
307
303
301
298
296
294
292
290
289
287
286
284
283
282
281
280
279
278
278
277
276
276
275
275
274
274
273
273
273
272
272
272
272
272
272
272
271
271
271
271
272
272
272
272
272
272
272
273
273
273
274
275
275
276
277
278
279
280
281
283
285
287
289
292
295
298
303
305
303
302
300
298
297
295
294
292
290
289
288
286
285
284
282
281
280
278
277
276
275
274
273
272
271
270
269
268
268
267
266
266
265
265
264
264
263
263
263
263
263
262
262
262
262
262
263
263
263
263
264
264
265
265
266
266
267
268
269
270
272
273
275
277
279
281
283
286
290
294
297
296
295
293
292
291
290
289
288
287
286
284
283
282
281
280
279
278
277
276
275
274
273
273
272
272
271
271
271
271
271
271
272
272
273
273
274
276
277
279
277
275
272
269
267
264
262
259
257
255
253
251
249
247
246
244
243
241
240
239
238
237
236
235
234
233
232
232
231
231
231
230
230
230
230
230
230
230
231
231
231
232
232
233
234
234
235
236
237
239
240
241
243
244
246
248
250
252
254
256
259
261
264
267
270
268
267
265
263
261
260
258
257
256
255
254
253
252
252
251
251
250
250
249
249
249
248
248
248
248
248
248
248
247
247
247
247
247
247
248
248
248
248
248
248
248
248
248
249
249
249
249
249
250
250
250
250
251
251
251
251
251
250
250
250
250
250
249
249
249
249
249
248
248
248
248
247
247
247
247
247
246
246
246
246
245
245
245
245
244
244
244
244
244
243
243
243
243
242
242
242
242
241
241
241
241
241
240
240
240
240
239
239
239
239
239
238
238
238
238
238
238
237
237
237
237
237
236
236
236
236
236
235
235
235
235
235
235
234
234
234
234
234
233
233
233
233
233
233
232
232
232
232
232
231
231
231
231
231
230
230
230
230
230
230
229
229
229
229
229
228
228
228
228
228
227
227
227
227
227
227
226
226
226
226
226
225
225
225
225
225
225
224
224
224
224
224
223
223
223
223
223
222
222
222
222
222
222
221
221
221
221
221
221
220
220
220
220
220
220
219
219
219
219
219
218
218
218
218
218
218
217
217
217
217
217
217
216
216
216
216
216
216
215
215
215
215
215
214
214
214
214
214
214
213
213
213
213
213
213
212
212
212
212
212
212
211
211
211
211
211
211
210
210
210
210
210
209
209
209
209
209
209
208
208
208
208
208
208
207
207
207
207
207
207
206
206
206
206
206
206
205
205
205
205
205
204
204
204
204
203
203
203
202
202
202
202
201
201
201
200
200
200
199
199
199
198
198
197
197
197
196
196
196
195
195
194
194
194
193
193
192
192
191
191
191
190
190
189
189
188
188
188
187
187
186
186
185
185
185
184
184
183
183
182
182
182
181
181
180
180
179
179
179
178
178
177
177
176
176
176
175
175
175
174
174
173
173
173
172
172
172
171
171
171
170
170
170
170
169
169
169
168
168
168
168
167
167
167
167
167
166
166
166
166
165
165
165
165
165
164
164
164
164
163
163
163
163
163
162
162
162
162
162
161
161
161
161
161
161
160
160
160
160
160
159
159
159
159
159
159
158
158
158
158
158
157
157
157
157
157
156
156
156
156
156
156
155
155
155
155
154
154
154
154
154
153
153
153
153
152
152
152
151
151
151
151
150
150
150
149
149
149
148
148
148
147
147
147
146
146
145
145
145
144
144
144
143
143
143
142
142
142
141
141
141
140
140
139
139
139
138
138
138
137
137
137
136
136
136
135
135
135
135
134
134
134
133
133
133
133
133
132
132
132
132
132
132
132
133
134
137
139
141
142
142
143
144
144
145
145
146
146
146
147
147
147
147
148
148
148
148
149
149
149
149
149
149
150
150
150
150
150
150
150
151
151
151
151
151
151
151
151
151
152
152
152
152
152
152
152
152
152
152
153
153
153
153
153
153
153
153
153
153
153
153
154
154
154
154
154
154
154
154
154
154
154
154
154
154
154
154
154
153
153
153
153
153
153
152
152
152
152
152
151
151
151
150
150
150
149
149
149
148
148
148
147
147
146
146
146
145
145
145
144
144
144
143
143
143
142
142
142
142
142
141
141
141
141
140
140
140
140
140
139
139
139
139
138
138
138
138
137
137
137
137
136
136
136
136
135
135
135
135
134
134
134
133
133
133
133
132
132
132
131
131
131
130
130
130
129
129
129
128
128
127
127
127
126
126
125
125
124
123
123
122
122
121
120
120
119
119
118
117
117
116
116
115
115
114
114
113
113
112
112
112
111
111
110
110
110
109
109
109
108
108
108
107
107
107
106
106
106
105
105
105
104
104
104
104
103
103
103
102
102
102
102
101
101
101
100
100
100
100
99
99
99
99
98
98
98
98
97
97
97
97
96
96
96
96
95
95
95
95
95
94
94
94
94
93
93
93
93
93
92
92
92
92
92
91
91
91
91
91
90
90
90
90
90
89
89
89
89
89
88
88
88
88
88
87
87
87
87
87
87
86
86
86
86
86
85
85
85
85
85
85
84
84
84
84
84
84
83
83
83
83
83
83
82
82
82
82
82
82
81
81
81
81
81
81
80
80
80
80
80
80
80
79
79
79
79
79
79
78
78
78
78
78
78
78
77
77
77
77
77
77
76
76
76
76
76
76
76
75
75
75
75
75
75
75
74
74
74
74
74
74
74
73
73
73
73
73
73
73
72
72
72
72
72
72
72
71
71
71
71
71
71
71
70
70
70
70
70
70
70
69
69
69
69
69
69
69
68
68
68
68
68
68
68
67
67
67
67
67
67
67
67
66
66
66
66
66
66
66
66
65
65
65
65
65
65
65
65
64
64
64
64
64
64
64
64
63
63
63
63
63
63
63
63
63
62
62
62
62
62
62
62
62
61
61
61
61
61
61
61
61
61
60
60
60
60
60
60
60
60
60
59
59
59
59
59
59
59
59
59
59
58
58
58
58
58
58
58
58
58
58
57
57
57
57
57
57
57
57
57
57
57
56
56
56
56
56
56
56
56
56
56
56
55
55
55
55
55
55
55
55
55
55
55
54
54
54
54
54
54
54
54
54
54
54
54
53
53
53
53
53
53
53
53
53
53
53
53
53
52
52
52
52
52
52
52
52
52
52
52
52
52
51
51
51
51
51
51
51
51
51
51
51
51
51
51
51
50
50
50
50
50
50
50
50
50
50
50
50
50
50
50
49
49
49
49
49
49
49
49
49
49
49
49
49
49
49
49
49
49
48
48
48
48
48
48
48
48
48
48
48
48
48
48
48
48
48
48
48
47
47
47
47
47
47
47
47
47
47
47
47
47
47
47
47
47
47
47
47
47
47
47
46
46
46
46
46
46
46
46
46
46
46
46
46
46
46
46
46
46
46
46
46
46
46
46
46
46
46
45
45
45
45
45
45
45
45
45
45
45
45
45
45
45
45
45
45
45
45
45
45
45
45
45
45
45
45
45
45
45
45
45
45
45
45
45
45
44
44
44
44
44
44
44
44
44
44
44
44
44
44
44
44
44
44
44
44
44
44
44
44
44
44
44
44
44
44
44
44
44
44
44
44
44
44
44
44
44
44
44
44
44
44
44
44
44
44
44
44
44
44
44
44
44
44
44
44
44
44
44
44
44
44
44
44
44
44
44
44
44
44
44
44
44
44
44
44
44
44
44
44
44
44
44
44
44
44
44
44
44
44
44
44
44
44
44
44
44
44
44
44
44
44
44
44
44
44
44
44
44
44
44
44
44
44
44
44
44
44
44
44
44
44
44
44
44
44
44
44
44
44
44
44
44
45
45
45
45
45
44
43
42
41
40
38
36
34
32
31
29
