0
0
6
7
13
14
20
20
25
25
31
31
37
37
43
43
47
47
53
53
58
58
62
62
66
66
70
71
74
75
79
82
83
86
86
90
90
93
94
96
97
99
99
103
103
105
106
109
109
113
113
115
115
119
119
121
121
124
124
127
128
130
130
133
134
134
136
138
138
140
142
142
144
146
148
148
150
150
152
154
156
156
158
158
160
160
163
163
166
166
168
168
170
170
171
173
175
175
177
177
179
181
181
183
183
185
185
187
187
189
191
191
193
195
195
197
197
199
199
201
201
203
204
205
206
207
207
210
210
212
212
214
214
216
216
218
218
220
220
222
222
224
226
226
228
228
230
230
232
232
234
234
236
236
238
239
240
241
242
243
244
245
246
247
247
249
249
251
253
253
255
255
257
257
259
259
261
261
263
263
265
267
267
269
269
271
271
273
273
275
275
277
278
280
280
283
283
285
286
288
288
292
292
296
296
300
300
306
306
312
312
322
322
325
325
323
323
323
322
322
322
322
321
320
320
320
320
320
320
320
320
320
320
320
320
320
320
320
320
320
320
320
320
320
320
320
320
321
321
322
322
322
322
322
322
322
323
323
323
323
323
323
323
323
325
325
325
325
325
325
325
327
327
327
327
327
327
329
329
329
329
329
329
331
331
331
331
331
333
333
333
333
333
333
335
335
335
335
335
337
337
337
337
337
339
339
339
339
339
341
341
341
341
341
343
343
343
343
343
345
345
345
345
346
347
347
347
347
349
349
349
349
349
351
351
351
351
352
353
353
353
353
354
355
355
355
356
357
357
357
357
358
358
359
359
360
360
360
360
361
362
362
362
362
362
364
364
364
364
364
366
366
366
366
366
368
368
368
368
370
370
370
370
370
370
372
372
372
372
372
372
372
374
374
374
374
374
374
374
376
376
376
376
376
376
376
378
378
378
378
378
378
378
378
378
380
380
380
380
380
380
380
380
381
382
382
382
382
382
382
382
382
382
384
384
384
384
384
384
384
384
384
386
386
386
386
386
386
386
386
386
387
388
388
388
388
388
388
388
388
388
389
390
390
390
390
390
390
390
390
390
392
392
392
392
392
392
392
392
392
393
394
394
394
394
394
394
394
394
394
395
395
396
396
396
396
396
396
396
396
397
397
397
398
398
398
398
398
398
398
398
399
399
399
399
399
399
399
399
399
399
401
401
401
401
401
401
401
401
401
401
403
403
403
403
403
403
403
403
403
403
405
405
405
405
405
405
405
405
405
405
407
407
407
407
407
407
407
407
407
407
409
409
409
409
409
409
409
409
409
411
411
411
411
411
411
411
411
411
411
413
413
413
413
413
413
413
413
413
415
415
415
415
415
415
415
415
417
417
417
417
417
417
417
417
417
419
419
419
419
419
419
419
419
421
421
421
421
421
421
421
421
423
423
423
423
423
423
424
425
425
425
425
425
426
427
427
427
427
428
429
429
429
431
431
431
432
433
433
434
435
436
436
437
438
438
440
440
440
442
444
446
446
448
448
452
452
454
454
458
458
462
463
468
466
464
462
460
458
456
453
453
451
450
448
446
444
444
442
442
440
438
437
436
435
435
432
432
431
430
429
428
427
426
425
424
423
423
421
421
419
419
417
417
417
415
415
415
413
413
413
411
411
411
411
409
409
409
409
407
407
407
407
407
407
405
405
405
405
405
405
405
405
405
405
405
405
405
405
405
405
405
405
405
405
405
405
405
405
407
407
407
407
407
409
409
409
409
411
411
411
413
413
413
415
415
417
417
419
419
421
421
423
423
425
425
427
429
429
431
433
435
435
438
438
440
442
444
446
450
450
454
454
458
458
464
464
470
470
475
476
481
481
487
488
496
496
505
505
513
513
522
523
534
534
548
549
565
587
588
580
579
568
567
556
556
544
544
532
532
524
524
518
518
513
512
507
507
503
503
499
499
495
495
491
491
487
487
485
485
481
481
479
479
476
475
474
473
472
471
469
467
466
466
464
463
462
461
460
459
458
457
456
456
454
454
452
452
450
450
450
448
448
446
446
444
444
442
442
442
440
440
440
438
438
438
437
436
436
435
434
434
433
433
432
431
431
431
429
429
429
428
427
427
426
425
425
425
424
423
423
423
422
421
421
421
420
419
419
419
419
417
417
417
417
415
415
415
415
415
413
413
413
413
413
411
411
411
411
411
409
409
409
409
409
407
407
407
407
407
407
405
405
405
405
405
405
403
403
403
403
403
403
403
401
401
401
401
401
401
401
401
399
399
399
399
399
399
399
399
398
398
398
398
398
398
398
398
397
397
396
396
396
396
396
396
396
396
396
395
395
394
394
394
394
394
394
394
394
394
394
394
393
393
392
392
392
392
392
392
392
392
392
392
392
392
392
392
392
392
392
392
392
391
390
390
390
390
390
390
390
390
390
390
390
390
390
390
390
390
390
390
390
390
390
390
390
390
390
390
390
390
390
390
390
390
391
392
392
392
392
392
392
392
392
392
392
392
392
393
394
394
394
394
394
395
395
396
396
396
397
398
398
399
399
399
401
401
401
403
403
405
405
407
407
409
411
411
413
415
414
417
420
421
425
425
429
429
434
435
440
441
448
448
452
452
448
448
446
446
444
442
440
440
438
438
436
435
433
433
431
431
429
427
426
425
423
423
421
421
419
419
417
417
415
415
413
413
413
411
411
409
409
409
407
407
407
405
405
405
405
403
403
403
403
403
401
401
401
401
401
401
401
401
399
399
399
399
399
399
399
399
399
401
401
401
401
401
401
401
401
401
403
403
403
403
403
403
405
405
405
405
407
407
407
409
409
409
411
411
411
413
413
415
415
417
417
419
419
422
423
425
425
428
429
432
433
436
437
440
442
446
446
444
442
440
440
438
438
435
435
434
433
432
431
430
429
429
429
427
427
427
426
425
425
425
425
425
425
424
423
423
423
423
423
423
423
423
424
425
425
425
425
425
425
425
427
427
427
427
428
429
429
429
430
431
431
431
433
433
434
435
435
436
437
438
438
440
440
442
442
444
446
448
448
450
451
454
454
458
458
462
462
466
466
470
470
475
476
481
481
487
487
493
493
499
499
507
510
515
522
524
532
533
542
543
552
553
561
559
542
542
526
526
511
511
495
495
481
481
468
468
456
456
448
446
440
440
436
435
431
431
427
427
423
423
419
417
415
415
413
411
409
407
405
405
403
401
401
399
398
396
396
393
393
390
390
388
388
386
386
384
384
382
381
380
379
378
376
374
374
372
372
370
370
370
368
368
366
366
364
364
362
362
362
360
360
359
358
357
357
356
355
355
353
353
352
351
351
349
349
349
347
347
347
345
345
345
343
343
343
341
341
341
341
339
339
339
337
337
337
337
335
335
335
335
333
333
333
333
333
331
331
331
331
331
329
329
329
329
329
329
329
327
327
327
327
327
327
327
327
327
327
327
325
325
325
325
325
325
325
325
325
325
325
325
325
327
327
327
327
327
327
327
327
327
327
329
329
329
329
329
331
331
331
331
333
333
333
335
335
337
337
337
339
339
339
341
342
344
345
347
347
349
351
335
335
318
318
308
308
302
302
296
296
292
292
290
288
286
286
285
284
283
283
282
281
281
281
280
279
279
279
279
279
279
279
279
279
279
279
279
279
279
279
279
279
279
279
280
281
281
281
281
282
283
283
284
284
285
286
286
288
288
290
292
292
294
296
298
300
304
306
302
302
283
283
271
271
261
261
253
253
248
247
242
242
238
238
236
236
232
232
230
230
228
228
227
226
226
224
224
224
222
222
222
222
222
220
220
220
220
220
220
220
220
220
220
220
220
220
220
220
220
222
222
222
222
222
222
224
224
224
226
226
226
228
228
228
230
230
232
232
234
234
236
237
240
240
242
242
246
246
249
249
253
253
257
257
261
261
265
265
267
267
265
265
263
263
263
261
261
261
261
261
259
259
259
259
259
259
259
261
261
261
261
261
263
263
263
265
266
269
269
271
272
277
277
281
281
286
287
294
294
302
302
311
310
321
322
313
312
304
302
296
294
290
286
285
279
279
275
275
271
271
267
267
265
265
261
261
259
259
257
257
253
253
251
251
249
249
249
249
247
247
246
246
245
244
244
243
242
242
242
241
240
240
240
239
238
238
238
238
238
236
236
236
236
236
236
236
236
236
235
234
234
234
234
234
234
234
234
234
234
234
234
234
234
234
234
234
235
236
236
236
236
236
236
236
238
238
238
238
239
240
240
240
242
242
243
243
244
245
246
247
247
249
249
249
251
253
253
255
257
257
259
261
263
265
267
269
271
273
275
278
277
273
273
267
267
263
263
259
259
255
255
253
253
249
249
248
247
246
246
244
244
242
242
240
240
239
238
238
238
236
236
236
236
234
234
234
234
234
234
232
232
232
232
232
232
232
232
232
232
232
232
232
232
233
234
234
234
234
236
236
236
238
238
239
240
241
242
243
244
245
246
248
249
251
251
255
255
259
259
261
262
265
265
271
271
275
275
279
279
284
285
288
289
294
294
300
300
306
305
311
311
317
317
322
322
327
328
333
333
329
323
322
315
316
308
308
300
300
293
294
285
286
279
279
271
271
263
263
256
255
249
249
242
242
236
235
228
228
222
220
216
214
209
209
203
202
197
192
191
186
185
180
179
175
175
170
170
165
165
160
160
156
156
152
152
148
148
144
144
140
140
138
138
134
134
133
133
131
130
129
129
127
127
126
125
125
125
124
123
123
123
123
121
121
121
121
121
121
121
121
121
121
121
121
121
121
121
121
121
121
121
123
123
123
123
124
125
125
125
127
127
128
129
129
130
131
131
133
134
134
134
136
136
131
131
123
123
117
117
113
113
110
109
107
107
103
103
101
101
99
99
97
97
95
95
93
92
91
90
90
88
88
86
86
85
84
84
82
82
81
80
80
78
78
78
76
76
76
74
74
74
72
72
72
70
70
70
70
68
68
68
68
66
66
66
66
64
64
64
64
64
62
62
62
62
62
62
60
60
60
60
60
60
60
58
58
58
58
58
58
58
58
57
57
57
57
57
57
57
57
57
57
57
57
57
57
57
57
57
57
57
57
57
57
57
57
57
57
57
57
57
57
57
57
57
57
57
57
57
58
58
58
58
58
58
58
60
60
60
60
60
62
62
62
62
64
64
64
64
66
66
66
68
68
68
70
70
72
72
74
74
76
76
78
78
80
80
82
82
84
85
86
87
88
90
90
89
86
85
80
80
78
76
74
74
72
70
68
68
66
66
64
64
62
60
60
60
58
58
57
56
56
55
54
53
53
52
51
50
49
49
49
48
47
47
46
45
45
45
43
43
43
41
41
41
41
39
39
39
39
37
37
37
37
35
35
35
35
35
33
33
33
33
31
31
31
31
31
31
29
29
29
29
29
27
27
27
27
27
27
25
25
25
25
25
23
23
23
23
23
23
23
21
21
21
21
21
21
21
21
20
19
19
19
19
19
19
19
18
18
18
18
18
18
17
16
16
16
16
16
16
16
16
15
15
14
14
14
14
14
14
14
14
13
12
12
12
12
12
12
12
12
12
12
10
10
10
10
10
10
10
10
10
10
10
10
9
8
8
8
8
8
8
8
8
8
8
8
8
8
6
6
6
6
6
6
6
6
6
6
6
6
6
6
6
6
5
4
4
4
4
4
4
4
4
4
4
4
4
4
4
4
4
4
4
4
4
2
2
2
2
2
2
2
2
2
2
2
2
2
2
2
2
2
2
2
2
2
2
2
2
2
2
2
2
2
2
2
2
0
0
0
0
0
0
0
0
0
0
0
0
0
0
0
0
0
0
0
0
0
0
0
0
0
0
0
0
0
0
0
0
0
2
2
2
2
2
2
2
2
2
2
2
2
2
3
4
4
4
4
4
4
4
5
6
6
6
6
7
8
8
8
9
10
10
10
12
12
12
13
14
14
15
16
18
18
19
19
19
19
16
16
13
13
12
11
10
9
8
7
6
5
4
4
2
2
1
0
0
0
-2
-2
-2
-4
-4
-4
-6
-6
-6
-6
-8
-8
-8
-8
-10
-10
-10
-10
-10
-12
-12
-12
-12
-14
-14
-14
-14
-14
-14
-16
-16
-16
-16
-16
-16
-16
-18
-18
-18
-18
-18
-18
-18
-18
-19
-19
-19
-19
-19
-19
-20
-20
-20
-21
-21
-21
-21
-21
-21
-21
-21
-21
-21
-22
-22
-23
-23
-23
-23
-23
-23
-23
-23
-23
-23
-23
-23
-23
-23
-23
-23
-23
-23
-23
-23
-23
-23
-23
-24
-25
-25
-25
-25
-25
-25
-25
-25
-25
-25
-25
-24
-23
-23
-23
-23
-23
-23
-23
-23
-23
-23
-23
-23
-23
-23
-23
-23
-23
-23
-23
-23
-23
-23
-22
-21
-21
-21
-21
-21
-21
-21
-21
-21
-21
-20
-20
-19
-19
-19
-19
-19
-19
-18
-18
-18
-18
-18
-18
-16
-16
-16
-16
-14
-14
-14
-12
-12
-10
-10
-10
-8
-8
-6
-4
-4
-2
-2
0
0
4
4
8
8
10
10
14
14
10
10
4
4
0
0
-3
-4
-6
-6
-8
-10
-12
-12
-14
-14
-16
-16
-18
-18
-19
-20
-21
-22
-23
-24
-25
-25
-25
-27
-27
-27
-28
-29
-29
-29
-31
-31
-31
-31
-31
-33
-33
-33
-33
-33
-33
-35
-35
-35
-35
-35
-36
-37
-37
-37
-37
-37
-37
-39
-39
-39
-39
-39
-39
-39
-39
-41
-41
-41
-41
-41
-41
-41
-41
-43
-43
-43
-43
-43
-43
-43
-43
-43
-45
-45
-45
-45
-45
-45
-45
-45
-45
-47
-47
-47
-47
-47
-47
-47
-47
-47
-47
-49
-49
-49
-49
-49
-49
-49
-49
-49
-49
-49
-51
-51
-51
-51
-51
-51
-51
-51
-51
-51
-51
-53
-53
-53
-53
-53
-53
-53
-53
-53
-53
-53
-53
-53
-55
-55
-55
-55
-55
-55
-55
-55
-55
-55
-55
-55
-55
-55
-55
-56
-56
-57
-57
-57
-57
-57
-57
-57
-57
-57
-57
-57
-57
-57
-58
-58
-58
-58
-58
-58
-58
-58
-58
-58
-58
-58
-58
-58
-58
-59
-60
-60
-60
-60
-60
-60
-60
-60
-60
-60
-60
-60
-60
-60
-60
-60
-60
-60
-60
-61
-62
-62
-62
-62
-62
-62
-62
-62
-62
-62
-62
-62
-62
-62
-62
-62
-62
-62
-62
-62
-62
-62
-62
-62
-62
-62
-63
-63
-64
-64
-64
-64
-64
-64
-64
-64
-64
-64
-64
-64
-64
-64
-64
-64
-64
-64
-64
-64
-64
-64
-64
-64
-64
-64
-64
-64
-64
-64
-64
-63
-62
-62
-62
-62
-62
-62
-62
-62
-62
-62
-62
-62
-61
-61
-60
-60
-60
-60
-60
-60
-59
-59
-58
-58
-58
-58
-57
-57
-57
-56
-55
-55
-55
-55
-53
-53
-53
-51
-51
-51
-49
-49
-47
-47
-45
-45
-43
-41
-43
-43
-45
-47
-49
-49
-51
-51
-53
-53
-55
-55
-57
-57
-58
-59
-59
-60
-60
-61
-62
-62
-62
-64
-64
-64
-64
-65
-66
-66
-66
-66
-67
-68
-68
-68
-68
-68
-68
-70
-70
-70
-70
-70
-70
-70
-71
-72
-72
-72
-72
-72
-72
-72
-72
-74
-74
-74
-74
-74
-74
-74
-74
-75
-76
-76
-76
-76
-76
-76
-76
-76
-76
-78
-78
-78
-78
-78
-78
-78
-78
-78
-78
-78
-80
-80
-80
-80
-80
-80
-80
-80
-80
-80
-80
-80
-82
-82
-82
-82
-82
-82
-82
-82
-82
-82
-82
-82
-84
-84
-84
-84
-84
-84
-84
-84
-84
-84
-84
-84
-84
-86
-86
-86
-86
-86
-86
-86
-86
-86
-86
-86
-86
-86
-86
-86
-88
-88
-88
-88
-88
-88
-88
-88
-88
-88
-88
-88
-88
-88
-88
-88
-88
-90
-90
-90
-90
-90
-90
-90
-90
-90
-90
-90
-90
-90
-90
-90
-90
-90
-90
-90
-90
-90
-92
-92
-92
-92
-92
-92
-92
-92
-92
-92
-92
-92
-92
-92
-92
-92
-92
-92
-92
-92
-92
-92
-92
-92
-92
-92
-92
-94
-94
-94
-94
-94
-94
-94
-94
-94
-94
-94
-94
-94
-94
-94
-94
-94
-94
-94
-94
-94
-94
-94
-94
-94
-94
-94
-94
-94
-94
-94
-94
-94
-94
-94
-94
-94
-94
-94
-94
-94
-94
-94
-94
-94
-94
-94
-94
-94
-94
-94
-94
-94
-94
-94
-94
-94
-94
-94
-94
-94
-94
-94
-94
-94
-94
-94
-94
-94
-94
-94
-94
-92
-92
-92
-92
-92
-92
-92
-92
-92
-92
-92
-92
-92
-92
-92
-92
-92
-92
-92
-90
-90
-90
-90
-90
-90
-90
-90
-90
-90
-90
-88
-88
-88
-88
-88
-88
-88
-88
-86
-86
-86
-86
-86
-86
-86
-84
-84
-84
-84
-84
-84
-82
-82
-82
-82
-82
-80
-80
-80
-80
-80
-78
-78
-78
-78
-78
-76
-76
-76
-76
-74
-74
-74
-73
-72
-72
-72
-71
-70
-70
-70
-68
-68
-67
-66
-66
-65
-64
-64
-62
-62
-61
-60
-59
-59
-57
-56
-56
-58
-62
-62
-65
-66
-68
-68
-70
-72
-73
-74
-75
-76
-76
-78
-78
-80
-80
-80
-82
-82
-82
-84
-84
-84
-86
-86
-86
-86
-88
-88
-88
-88
-90
-90
-90
-90
-92
-92
-92
-92
-92
-94
-94
-94
-94
-94
-94
-95
-95
-95
-95
-96
-97
-97
-97
-97
-97
-97
-98
-99
-99
-99
-99
-99
-99
-100
-101
-101
-101
-101
-101
-101
-101
-102
-103
-103
-103
-103
-103
-103
-103
-103
-104
-105
-105
-105
-105
-105
-105
-105
-105
-105
-106
-107
-107
-107
-107
-107
-107
-107
-107
-107
-107
-108
-109
-109
-109
-109
-109
-109
-109
-109
-109
-109
-109
-109
-111
-111
-111
-111
-111
-111
-111
-111
-111
-111
-111
-111
-111
-111
-113
-113
-113
-113
-113
-113
-113
-113
-113
-113
-113
-113
-113
-113
-113
-113
-115
-115
-115
-115
-115
-115
-115
-115
-115
-115
-115
-115
-115
-115
-115
-115
-115
-115
-115
-117
-117
-117
-117
-117
-117
-117
-117
-117
-117
-117
-117
-117
-117
-117
-117
-117
-117
-117
-117
-117
-117
-117
-119
-119
-119
-119
-119
-119
-119
-119
-119
-119
-119
-119
-119
-119
-119
-119
-119
-119
-119
-119
-119
-119
-119
-119
-119
-119
-119
-119
-119
-119
-119
-121
-121
-121
-121
-121
-121
-121
-121
-121
-121
-121
-121
-121
-121
-121
-121
-121
-121
-121
-121
-121
-121
-121
-121
-121
-121
-121
-121
-121
-121
-121
-121
-121
-121
-121
-121
-121
-121
-121
-123
-123
-123
-123
-123
-123
-123
-123
-123
-123
-123
-123
-123
-123
-123
-123
-123
-123
-123
-123
-123
-123
-123
-123
-123
-123
-123
-123
-123
-123
-123
-123
-123
-123
-123
-123
-123
-123
-123
-123
-123
-123
-123
-123
-123
-123
-123
-123
-123
-123
-123
-125
-125
-125
-125
-125
-125
-125
-125
-125
-125
-125
-125
-125
-125
-125
-125
-125
-125
-125
-125
-125
-125
-125
-125
-125
-125
-125
-125
-125
-125
-125
-125
-125
-125
-125
-125
-125
-125
-125
-125
-125
-125
-125
-125
-125
-125
-125
-125
-125
-125
-125
-125
-125
-125
-125
-125
-125
-125
-125
-125
-125
-125
-125
-125
-125
-125
-125
-125
-125
-125
-127
-127
-127
-127
-127
-127
-127
-127
-127
-127
-127
-127
-127
-127
-127
-127
-127
-127
-127
-127
-127
-127
-127
-127
-127
-127
-127
-127
-127
-127
-127
-127
-127
-127
-127
-127
-127
-127
-127
-127
-127
-127
-127
-127
-127
-127
-127
-127
-127
-127
-127
-127
-127
-127
-127
-127
-127
-127
-127
-127
-127
-127
-127
-127
-127
-127
-127
-127
-127
-127
-127
-127
-127
-127
-127
-127
-127
-127
-127
-127
-127
-127
-127
-127
-127
-127
-127
-127
-127
-127
-127
-127
-127
-127
-127
-127
-127
-127
-127
-127
-127
-127
-127
-127
-127
-127
-127
-129
-129
-129
-129
-129
-129
-129
-129
-129
-129
-129
-129
-129
-129
-129
-129
-129
-129
-129
-129
-129
-129
-129
-129
-129
-129
-129
-129
-129
-129
-129
-129
-129
-129
-129
-129
-129
-129
-129
-129
-129
-129
-129
-129
-129
-129
-129
-129
-129
-129
-129
-129
-129
-129
-129
-129
-129
-129
-129
-129
-129
-129
-129
-129
-129
-129
-129
-129
-129
-129
-129
-129
-129
-129
-129
-129
-129
-129
-129
-129
-129
-129
-129
-129
-129
-129
-129
-129
-129
-129
-129
-129
-129
-129
-129
-129
-129
-129
-129
-129
-129
-129
-129
-129
-129
-129
-129
-129
-129
-129
-129
-129
-129
-129
-129
-129
-129
-129
-129
-129
-129
-129
-129
-129
-129
-129
-129
-129
-129
-129
-129
-129
-129
-129
-129
-129
-129
-129
-129
-129
-129
-129
-129
-129
-129
-129
-129
-129
-129
-129
-129
-129
-129
-129
-129
-129
-129
-129
-129
-129
-129
-129
-129
-129
-129
-129
-129
-129
-129
-129
-129
-129
-129
-129
-129
-129
-129
-129
-129
-129
-129
-129
-129
-129
-129
-129
-129
-129
-129
-129
-129
-129
-129
-129
-129
-129
-129
-129
-129
-129
-129
-129
-129
-129
-129
-129
-129
-129
-129
-129
-129
-129
-129
-131
-131
-131
-131
-131
-131
-131
-131
-131
-131
-131
-131
-131
-131
-131
-131
-131
-131
-131
-131
-131
-131
-131
-131
-131
-131
-131
-131
-131
-131
-131
-131
-131
-131
-131
-131
-131
-131
-131
-131
-131
-131
-131
-131
-131
-131
-131
-131
-131
-131
-131
-132
-132
-132
-133
-133
-133
-133
-133
-133
-133
-133
-133
-133
-133
-134
-134
-134
-134
-134
-134
-134
-134
-134
-135
-135
-136
-136
-136
-136
-136
-136
-136
-137
-137
-138
-138
-138
-138
-138
-138
-139
-140
-140
-140
-140
-140
-140
-140
-141
-142
-142
-142
-142
-142
-143
-144
-144
-144
-144
-144
-144
-146
-146
-146
-146
-146
-147
-148
-148
-148
-148
-148
-150
-150
-150
-150
-150
-152
-152
-152
-152
-152
-154
-154
-154
-154
-154
-156
-156
-156
-156
-156
-156
-156
-156
-156
-156
-156
-158
-158
-158
-158
-158
-158
-158
-158
-158
-158
-160
-160
-160
-160
-160
-160
-160
-160
-160
-160
-160
-162
-162
-162
-162
-162
-162
-162
-162
-162
-162
-162
-164
-164
-164
-164
-164
-164
-164
-164
-164
-164
-166
-166
-166
-166
-166
-166
-166
-166
-166
-166
-166
-168
-168
-168
-168
-168
-168
-168
-168
-168
-168
-168
-170
-170
-170
-170
-170
-170
-170
-170
-170
-170
-170
-171
-171
-171
-171
-171
-171
-171
-171
-172
-172
-173
-173
-173
-173
-173
-173
-173
-173
-174
-174
-175
-175
-175
-175
-175
-175
-175
-175
-176
-177
-177
-177
-177
-177
-177
-177
-177
-178
-179
-179
-179
-179
-179
-179
-179
-179
-180
-181
-181
-181
-181
-181
-181
-181
-181
-182
-183
-183
-183
-183
-183
-183
-183
-183
-183
-185
-185
-185
-185
-185
-185
-185
-185
-185
-187
-187
-187
-187
-187
-187
-187
-187
-187
-189
-189
-189
-189
-189
-189
-189
-189
-189
-191
-191
-191
-191
-191
-191
-191
-191
-191
-191
-191
-193
-193
-193
-193
-193
-193
-193
-193
-193
-193
-195
-195
-195
-195
-195
-195
-195
-195
-195
-195
-197
-197
-197
-197
-197
-197
-197
-197
-197
-197
-197
-199
-199
-199
-199
-199
-199
-199
-199
-199
-199
-201
-201
-201
-201
-201
-201
-201
-201
-201
-201
-201
-203
-203
-203
-203
-203
-203
-203
-203
-203
-203
-203
-205
-205
-205
-205
-205
-205
-205
-205
-205
-205
-205
-207
-207
-207
-207
-207
-207
-207
-207
-207
-207
-207
-207
-207
-208
-208
-209
-209
-209
-209
-209
-209
-209
-209
-209
-209
-210
-210
-210
-210
-210
-210
-210
-210
-210
-210
-210
-210
-210
-210
-210
-210
-210
-210
-210
-210
-210
-210
-210
-210
-210
-210
-210
-210
-210
-210
-210
-210
-210
-210
-210
-210
-210
-210
-210
-210
-210
-210
-210
-210
-210
-210
-211
-211
-212
-212
-212
-212
-212
-212
-212
-212
-212
-212
-212
-212
-212
-212
-212
-212
-212
-212
-212
-212
-212
-212
-212
-212
-212
-212
-212
-212
-212
-212
-212
-212
-212
-212
-212
-212
-212
-212
-212
-212
-212
-212
-212
-212
-212
-212
-212
-212
-212
-212
-212
-212
-212
-212
-212
-212
-212
-212
-212
-212
-212
-212
-212
-212
-212
-212
-212
-212
-212
-212
-212
-212
-212
-212
-213
-214
-214
-214
-214
-214
-214
-214
-214
-214
-214
-214
-214
-214
-214
-214
-214
-214
-214
-214
-214
-214
-214
-214
-214
-214
-214
-214
-214
-214
-214
-214
-214
-214
-214
-214
-214
-214
-214
-214
-214
-214
-214
-214
-214
-214
-214
-214
-214
-214
-214
-214
-214
-214
-214
-214
-214
-214
-214
-214
-214
-214
-214
-214
-214
-214
-214
-214
-214
-214
-214
-214
-214
-214
-214
-214
-214
-214
-215
-216
-216
-216
-216
-216
-216
-216
-216
-216
-216
-216
-216
-216
-216
-216
-216
-216
-216
-216
-216
-216
-216
-216
-216
-216
-216
-216
-216
-216
-216
-216
-216
-216
-216
-216
-216
-216
-216
-216
-216
-216
-216
-216
-216
-216
-216
-216
-216
-216
-216
-216
-216
-216
-216
-216
-216
-216
-216
-216
-216
-216
-216
-216
-216
-216
-216
-216
-216
-216
-216
-216
-216
-216
-216
-216
-216
-216
-216
-216
-216
-216
-216
-216
-217
-218
-218
-218
-218
-218
-218
-218
-218
-218
-218
-218
-218
-218
-218
-218
-218
-218
-218
-218
-218
-218
-218
-218
-218
-218
-218
-218
-218
-218
-218
-218
-218
-218
-218
-218
-218
-218
-218
-218
-218
-218
-218
-218
-218
-218
-218
-218
-218
-218
-218
-218
-218
-218
-218
-218
-218
-218
-218
-218
-218
-218
-218
-218
-218
-218
-218
-218
-218
-218
-218
-218
-218
-218
-218
-218
-218
-218
-218
-218
-218
-218
-218
-218
-218
-218
-218
-218
-218
-218
-218
-218
-218
-218
-218
-219
-220
-220
-220
-220
-220
-220
-220
-220
-220
-220
-220
-220
-220
-220
-220
-220
-220
-220
-220
-220
-220
-220
-220
-220
-220
-220
-220
-220
-220
-220
-220
-220
-220
-220
-220
-220
-220
-220
-220
-220
-220
-220
-220
-220
-220
-220
-220
-220
-220
-220
-220
-220
-220
-220
-220
-220
-220
-220
-220
-220
-220
-220
-220
-220
-220
-220
-220
-220
-220
-220
-220
-220
-220
-220
-220
-220
-220
-220
-220
-220
-220
-220
-220
-220
-220
-220
-220
-220
-220
-220
-220
-220
-220
-220
-220
-220
-220
-220
-220
-220
-220
-220
-220
-220
-220
-220
-220
-220
-220
-220
-220
-220
-220
-220
-220
-220
-220
-220
-220
-220
-220
-220
-220
-220
-220
-220
-220
-220
-220
-220
-220
-220
-221
-222
-222
-222
-222
-222
-222
-222
-222
-222
-222
-222
-222
-222
-222
-222
-222
-222
-222
-222
-222
-222
-222
-222
-222
-222
-222
-222
-222
-222
-222
-222
-222
-222
-222
-222
-222
-222
-222
-222
-222
-222
-222
-222
-222
-222
-222
-222
-222
-222
-222
-222
-222
-222
-222
-222
-222
-222
-222
-222
-222
-222
-222
-222
-222
-222
-222
-222
-222
-222
-222
-222
-222
-222
-222
-222
-222
-222
-222
-222
-222
-222
-222
-222
-222
-222
-222
-222
-222
-222
-222
-222
-221
-220
-220
-220
-220
-220
-220
-220
-220
-220
-220
-220
-220
-220
-220
-220
-220
-220
-220
-220
-220
-220
-220
-220
-220
-220
-220
-220
-220
-220
-220
-220
-220
-220
-220
-220
-220
-220
-220
-220
-220
-220
-220
-220
-220
-220
-220
-220
-220
-220
-220
-220
-220
-220
-220
-220
-220
-220
-220
-220
-220
-220
-220
-220
-220
-220
-220
-220
-220
-220
-220
-220
-220
-220
-220
-220
-220
-220
-220
-220
-220
-220
-220
-220
-220
-220
-220
-220
-220
-220
-220
-220
-220
-220
-220
-220
-221
-222
-222
-222
-222
-222
-222
-222
-222
-222
-222
-222
-222
-222
-222
-222
-222
-222
-223
-224
-224
-224
-224
-224
-224
-224
-224
-224
-224
-224
-226
-226
-226
-226
-226
-226
-226
-226
-226
-228
-228
-228
-228
-228
-228
-228
-230
-230
-230
-230
-230
-230
-232
-232
-232
-232
-232
-234
-234
-234
-236
-236
-236
-236
-236
-234
-234
-234
-234
-234
-232
-232
-232
-232
-232
-232
-230
-230
-230
-230
-230
-230
-228
-228
-228
-228
-228
-228
-226
-226
-226
-226
-226
-226
-224
-224
-224
-224
-224
-224
-224
-224
-224
-224
-224
-224
-224
-224
-224
-222
-222
-222
-222
-222
-222
-222
-222
-222
-222
-222
-222
-222
-222
-222
-222
-222
-222
-222
-222
-222
-222
-222
-222
-222
-222
-222
-222
-222
-222
-222
-222
-222
-222
-222
-222
-222
-222
-222
-222
-222
-222
-222
-222
-222
-222
-222
-222
-222
-222
-222
-222
-222
-222
-222
-222
-223
-224
-224
-224
-224
-224
-224
-224
-224
-224
-224
-224
-224
-224
-224
-224
-224
-224
-224
-224
-224
-224
-224
-224
-224
-224
-224
-224
-224
-224
-224
-224
-224
-224
-224
-224
-224
-224
-224
-224
-224
-224
-224
-224
-224
-224
-224
-224
-224
-224
-224
-224
-224
-224
-226
-226
-226
-226
-226
-226
-226
-226
-226
-226
-226
-226
-226
-226
-226
-226
-226
-226
-226
-226
-226
-226
-226
-226
-226
-226
-226
-226
-226
-226
-226
-226
-226
-226
-226
-226
-226
-226
-226
-226
-226
-226
-226
-226
-226
-227
-228
-228
-228
-228
-228
-228
-228
-228
-228
-228
-228
-228
-228
-228
-228
-228
-228
-228
-228
-228
-228
-228
-228
-228
-228
-228
-228
-228
-228
-228
-228
-228
-228
-228
-228
-228
-228
-228
-228
-228
-228
-228
-228
-228
-228
-228
-230
-230
-230
-230
-230
-230
-230
-230
-230
-230
-230
-230
-230
-230
-230
-230
-230
-230
-230
-230
-230
-230
-230
-230
-230
-230
-230
-230
-230
-230
-230
-230
-230
-230
-230
-230
-230
-230
-230
-230
-230
-230
-230
-230
-230
-230
-230
-230
-230
-230
-230
-230
-230
-230
-230
-230
-230
-230
-230
-230
-230
-230
-230
-232
-232
-232
-232
-232
-232
-232
-232
-232
-232
-232
-232
-232
-232
-232
-232
-232
-232
-232
-232
-232
-232
-232
-232
-232
-232
-232
-232
-232
-232
-232
-232
-232
-232
-232
-232
-232
-232
-232
-232
-232
-232
-232
-230
-230
-230
-230
-230
-230
-230
-230
-230
-230
-230
-230
-230
-230
-230
-230
-230
-230
-230
-230
-230
-230
-230
-230
-230
-230
-230
-230
-230
-230
-230
-230
-230
-230
-230
-230
-230
-230
-230
-230
-230
-232
-232
-232
-232
-232
-232
-232
-232
-232
-232
-232
-232
-234
-234
-234
-234
-234
-234
-234
-234
-236
-236
-236
-236
-236
-236
-236
-238
-238
-238
-238
-238
-240
-240
-240
-240
-242
-242
-242
-242
-242
-244
-244
-244
-244
-246
-246
-246
-247
-247
-248
-249
-249
-250
-251
-251
-252
-253
-253
-255
-255
-256
-257
-257
-258
-259
-260
-261
-261
-263
-263
-265
-265
-267
-267
-269
-269
-271
-271
-273
-273
-273
-275
-275
-275
-275
-275
-275
-275
-275
-273
-273
-271
-271
-269
-269
-265
-265
-263
-263
-261
-261
-259
-258
-257
-256
-255
-254
-253
-253
-251
-251
-250
-250
-248
-248
-247
-246
-246
-244
-244
-244
-244
-242
-242
-242
-240
-240
-240
-238
-238
-238
-238
-238
-238
-238
-236
-236
-236
-236
-236
-236
-236
-236
-236
-236
-236
-236
-236
-234
-234
-234
-234
-234
-234
-234
-234
-234
-234
-234
-234
-234
-234
-234
-234
-234
-234
-234
-234
-234
-234
-234
-234
-234
-234
-234
-234
-234
-234
-234
-232
-232
-232
-232
-232
-232
-232
-232
-232
-232
-232
-232
-232
-232
-232
-232
-232
-232
-232
-232
-232
-232
-232
-232
-232
-232
-232
-232
-232
-232
-232
-232
-232
-232
-232
-232
-232
-232
-232
-232
-232
-232
-232
-232
-232
-232
-232
-232
-232
-232
-234
-234
-234
-234
-234
-234
-234
-234
-234
-234
-234
-234
-234
-234
-234
-234
-234
-234
-234
-234
-234
-234
-234
-234
-234
-234
-234
-234
-234
-234
-234
-234
-234
-234
-234
-234
-234
-234
-234
-234
-234
-234
-234
-234
-234
-234
-234
-234
-234
-234
-234
-234
-236
-236
-236
-236
-236
-236
-236
-236
-236
-236
-236
-236
-236
-236
-236
-236
-236
-236
-236
-236
-236
-236
-236
-236
-236
-236
-236
-236
-236
-236
-236
-236
-236
-236
-236
-238
-238
-238
-238
-238
-238
-238
-238
-238
-238
-238
-238
-238
-238
-238
-238
-238
-238
-238
-238
-238
-238
-238
-238
-238
-238
-238
-238
-240
-240
-240
-240
-240
-240
-240
-240
-240
-240
-240
-240
-240
-240
-240
-240
-240
-240
-240
-240
-240
-240
-240
-240
-240
-242
-242
-242
-242
-242
-242
-242
-242
-242
-242
-242
-242
-242
-242
-242
-242
-242
-242
-242
-242
-242
-242
-242
-244
-244
-244
-244
-244
-244
-244
-244
-244
-244
-244
-244
-244
-244
-244
-244
-244
-244
-244
-244
-244
-246
-246
-246
-246
-246
-246
-246
-246
-246
-246
-246
-246
-246
-246
-246
-246
-246
-246
-246
-247
-247
-247
-247
-247
-247
-247
-247
-247
-247
-247
-247
-247
-247
-247
-247
-248
-248
-249
-249
-249
-249
-249
-249
-249
-249
-249
-249
-249
-249
-249
-249
-249
-250
-251
-251
-251
-251
-251
-251
-251
-251
-251
-251
-251
-251
-251
-251
-252
-253
-253
-253
-253
-253
-253
-253
-253
-253
-253
-253
-253
-253
-253
-254
-255
-255
-255
-255
-255
-255
-255
-255
-255
-255
-255
-256
-257
-257
-257
-257
-257
-257
-257
-257
-257
-259
-259
-259
-259
-259
-259
-259
-260
-261
-261
-261
-261
-261
-262
-263
-263
-263
-263
-263
-265
-265
-265
-265
-266
-267
-267
-267
-267
-269
-269
-269
-269
-271
-271
-271
-273
-273
-273
-273
-275
-275
-275
-277
-277
-277
-279
-279
-279
-281
-281
-283
-283
-283
-284
-285
-286
-286
-287
-288
-288
-290
-290
-292
-292
-294
-294
-296
-297
-298
-299
-300
-302
-302
-304
-304
-308
-308
-310
-310
-312
-314
-316
-316
-318
-318
-321
-322
-323
-324
-327
-327
-330
-331
-333
-334
-337
-340
-339
-341
-343
-343
-345
-347
-347
-349
-349
-351
-351
-351
-351
-351
-351
-351
-351
-351
-351
-349
-349
-347
-347
-345
-345
-341
-342
-339
-339
-335
-335
-331
-331
-327
-326
-323
-322
-321
-320
-318
-316
-316
-314
-314
-312
-312
-310
-308
-308
-308
-306
-306
-304
-304
-304
-302
-302
-302
-302
-300
-300
-300
-300
-300
-300
-300
-300
-298
-298
-298
-298
-298
-298
-298
-298
-298
-298
-298
-298
-298
-298
-298
-298
-298
-298
-298
-296
-296
-296
-296
-296
-296
-296
-296
-296
-296
-296
-296
-296
-296
-296
-296
-296
-296
-296
-296
-296
-296
-296
-296
-296
-296
-296
-296
-296
-297
-298
-298
-298
-298
-298
-298
-298
-298
-298
-298
-298
-298
-298
-298
-298
-298
-298
-298
-298
-298
-298
-298
-298
-298
-298
-298
-298
-298
-298
-298
-298
-298
-300
-300
-300
-300
-300
-300
-300
-300
-300
-300
-300
-300
-300
-300
-300
-300
-300
-300
-300
-300
-300
-302
-302
-302
-302
-302
-302
-302
-302
-302
-302
-302
-302
-302
-302
-302
-302
-302
-302
-304
-304
-304
-304
-304
-304
-304
-304
-304
-304
-304
-304
-304
-304
-304
-304
-306
-306
-306
-306
-306
-306
-306
-306
-306
-306
-306
-306
-306
-306
-308
-308
-308
-308
-308
-308
-308
-308
-308
-308
-308
-308
-308
-308
-310
-310
-310
-310
-310
-310
-310
-310
-310
-310
-310
-310
-310
-312
-312
-312
-312
-312
-312
-312
-312
-312
-312
-312
-312
-314
-314
-314
-314
-314
-314
-314
-314
-314
-314
-314
-314
-316
-316
-316
-316
-316
-316
-316
-316
-316
-316
-316
-318
-318
-318
-318
-318
-318
-318
-318
-318
-318
-320
-320
-320
-320
-320
-320
-320
-320
-320
-320
-320
-320
-322
-322
-322
-322
-322
-322
-322
-322
-322
-322
-323
-323
-323
-323
-323
-323
-323
-323
-324
-325
-325
-325
-325
-325
-325
-325
-325
-326
-326
-327
-327
-327
-327
-327
-327
-327
-328
-329
-329
-329
-329
-329
-329
-329
-329
-330
-331
-331
-331
-331
-331
-331
-331
-332
-333
-333
-333
-333
-333
-333
-333
-334
-335
-335
-335
-335
-335
-335
-336
-337
-337
-337
-337
-337
-337
-337
-339
-339
-339
-339
-339
-339
-341
-341
-341
-341
-341
-341
-343
-343
-343
-343
-343
-343
-345
-345
-345
-345
-347
-347
-347
-347
-349
-349
-351
-351
-351
-353
-353
-353
-355
-355
-357
-357
-359
-359
-360
-363
-363
-365
-366
-370
-369
-372
-372
-376
-376
-380
-380
-386
-386
-392
-392
-397
-398
-407
-407
-417
-419
-434
-435
-464
-466
-478
-479
-483
-483
-484
-485
-485
-485
-485
-485
-485
-485
-485
-485
-484
-483
-483
-480
-479
-473
-472
-466
-466
-460
-460
-456
-456
-454
-454
-450
-450
-448
-448
-446
-446
-444
-444
-442
-442
-441
-440
-439
-439
-438
-437
-436
-436
-435
-435
-435
-433
-433
-433
-433
-431
-431
-431
-429
-429
-429
-429
-427
-427
-427
-427
-425
-425
-425
-425
-423
-423
-423
-423
-423
-421
-421
-421
-421
-421
-419
-419
-419
-419
-419
-417
-417
-417
-417
-417
-417
-415
-415
-415
-415
-415
-415
-413
-413
-413
-413
-413
-413
-413
-412
-411
-411
-411
-411
-411
-411
-411
-411
-411
-411
-409
-409
-409
-409
-409
-409
-409
-409
-409
-409
-409
-409
-409
-409
-409
-409
-409
-410
-411
-411
-411
-411
-411
-411
-411
-411
-413
-413
-413
-413
-413
-415
-415
-415
-415
-417
-417
-417
-419
-419
-419
-421
-421
-423
-423
-425
-425
-427
-429
-429
-431
-433
-433
-435
-436
-440
-439
-444
-444
-448
-448
-452
-452
-458
-458
-464
-464
-472
-472
-481
-481
-491
-491
-501
-503
-507
-507
-509
-509
-511
-511
-511
-511
-511
-511
-509
-509
-509
-507
-505
-503
-503
-499
-497
-493
-493
-487
-487
-483
-483
-478
-477
-474
-473
-470
-470
-468
-467
-464
-464
-460
-460
-458
-457
-454
-454
-452
-452
-450
-448
-448
-446
-446
-444
-444
-443
-442
-441
-440
-440
-439
-438
-438
-437
-436
-436
-435
-435
-435
-435
-433
-433
-433
-433
-433
-431
-431
-431
-431
-431
-431
-429
-429
-429
-429
-429
-429
-429
-429
-427
-427
-427
-427
-427
-427
-427
-427
-427
-427
-427
-427
-427
-427
-427
-427
-427
-427
-427
-427
-427
-427
-427
-427
-427
-427
-427
-429
-429
-429
-429
-429
-429
-429
-429
-431
-431
-431
-431
-433
-433
-433
-433
-435
-435
-436
-437
-438
-439
-440
-443
-443
-448
-448
-455
-456
-471
-472
-479
-479
-480
-481
-481
-481
-482
-483
-483
-482
-482
-481
-481
-480
-479
-478
-477
-476
-475
-474
-473
-472
-472
-470
-470
-468
-468
-468
-468
-468
-468
-468
-470
-470
-470
-472
-472
-472
-473
-474
-474
-476
-476
-478
-479
-481
-481
-483
-483
-485
-486
-489
-489
-493
-493
-497
-499
-505
-511
-512
-526
-526
-566
-565
-573
-573
-573
-575
-575
-575
-575
-575
-575
-575
-575
-573
-573
-573
-569
-569
-561
-561
-554
-554
-549
-549
-544
-544
-542
-541
-538
-536
-534
-532
-532
-530
-530
-528
-528
-526
-526
-524
-524
-522
-522
-520
-520
-518
-518
-517
-517
-516
-515
-514
-514
-513
-513
-512
-511
-511
-511
-511
-511
-509
-509
-509
-509
-509
-509
-509
-509
-509
-509
-509
-509
-509
-509
-509
-509
-509
-509
-509
-511
-511
-511
-511
-512
-512
-514
-514
-515
-516
-517
-518
-519
-520
-522
-522
-524
-524
-526
-527
-530
-530
-532
-532
-536
-536
-540
-540
-542
-544
-546
-548
-549
-553
-553
-557
-556
-561
-561
-563
-563
-567
-567
-569
-569
-571
-571
-573
-573
-573
-575
-575
-575
-575
-575
-575
-573
-573
-573
-573
-571
-571
-569
-567
-567
-565
-563
-561
-559
-559
-557
-555
-554
-553
-551
-551
-549
-548
-548
-548
-546
-546
-544
-544
-542
-542
-542
-540
-540
-540
-540
-538
-538
-538
-538
-536
-536
-536
-536
-536
-534
-534
-534
-534
-534
-534
-534
-534
-532
-532
-532
-532
-532
-532
-532
-532
-532
-532
-532
-532
-532
-534
-534
-534
-534
-536
-536
-538
-538
-540
-540
-542
-544
-546
-546
-550
-551
-556
-557
-563
-565
-573
-573
-581
-586
-587
-589
-590
-592
-592
-593
-594
-594
-594
-594
-594
-594
-594
-594
-593
-592
-592
-590
-590
-588
-588
-587
-586
-583
-583
-581
-580
-577
-575
-575
-573
-573
-571
-569
-569
-567
-567
-565
-565
-563
-563
-562
-561
-561
-559
-559
-559
-557
-557
-557
-555
-555
-555
-554
-553
-553
-553
-552
-551
-551
-551
-551
-551
-550
-550
-550
-550
-550
-549
-548
-548
-548
-548
-548
-548
-548
-548
-548
-546
-546
-546
-546
-546
-546
-546
-546
-546
-546
-546
-546
-546
-546
-546
-546
-546
-546
-546
-546
-546
-546
-546
-546
-546
-546
-546
-546
-546
-546
-546
-546
-546
-546
-548
-548
-548
-548
-548
-548
-548
-549
-550
-550
-550
-550
-551
-551
-552
-552
-553
-553
-554
-555
-555
-555
-557
-557
-559
-559
-560
-561
-562
-563
-564
-565
-567
-567
-569
-569
-571
-571
-573
-575
-575
-577
-579
-581
-581
-583
-585
-587
-588
-592
-592
-596
-596
-600
-600
-604
-604
-608
-608
-614
-614
-618
-618
-624
-624
-629
-629
-635
-635
-641
-641
-645
-645
-649
-649
-651
-651
-651
-653
-653
-653
-653
-653
-651
-651
-651
-651
-649
-649
-647
-647
-647
-645
-643
-641
-641
-639
-639
-637
-636
-635
-634
-633
-632
-631
-630
-629
-629
-628
-627
-627
-626
-626
-625
-624
-624
-624
-624
-622
-622
-622
-622
-622
-620
-620
-620
-620
-620
-620
-618
-618
-618
-618
-618
-618
-618
-618
-618
-618
-618
-618
-618
-618
-618
-618
-618
-620
-620
-620
-620
-622
-622
-622
-624
-624
-625
-626
-627
-628
-629
-632
-633
-637
-637
-641
-641
-645
-645
-651
-651
-657
-657
-662
-663
-666
-666
-668
-668
-668
-669
-669
-669
-669
-668
-668
-667
-666
-665
-664
-661
-661
-659
-657
-657
-655
-655
-655
-653
-653
-651
-651
-651
-649
-649
-649
-647
-647
-647
-647
-645
-645
-645
-644
-643
-643
-643
-643
-641
-641
-641
-641
-641
-639
-639
-639
-639
-639
-637
-637
-637
-637
-637
-637
-635
-635
-635
-635
-635
-635
-635
-634
-633
-633
-633
-633
-633
-633
-633
-632
-631
-631
-631
-631
-631
-631
-631
-631
-631
-630
-630
-629
-629
-629
-629
-629
-629
-629
-629
-629
-629
-629
-629
-629
-629
-629
-629
-629
-629
-629
-629
-629
-629
-629
-629
-629
-629
-629
-629
-629
-629
-629
-629
-629
-629
-629
-629
-629
-629
-629
-629
-629
-629
-629
-629
-629
-630
-631
-631
-631
-631
-631
-631
-631
-631
-631
-632
-633
-633
-633
-633
-633
-633
-634
-635
-635
-635
-635
-635
-636
-637
-637
-637
-637
-638
-639
-639
-639
-640
-641
-641
-641
-641
-643
-643
-643
-645
-645
-645
-647
-647
-649
-649
-649
-651
-651
-653
-653
-655
-655
-659
-659
-661
-661
-663
-663
-665
-666
-668
-668
-671
-672
-674
-674
-678
-678
-680
-682
-684
-686
-688
-690
-692
-695
-696
-699
-700
-704
-703
-709
-709
-713
-713
-717
-717
-723
-723
-727
-727
-733
-733
-737
-737
-742
-743
-748
-748
-754
-754
-760
-760
-766
-766
-772
-772
-777
-777
-783
-788
-789
-796
-795
-801
-801
-807
-807
-814
-813
-819
-818
-824
-824
-830
-830
-836
-836
-840
-840
-844
-844
-848
-848
-850
-850
-852
-852
-853
-853
-853
-853
-853
-853
-853
-853
-853
-852
-850
-850
-848
-844
-844
-840
-840
-835
-834
-830
-830
-824
-824
-818
-818
-813
-813
-807
-807
-801
-801
-794
-794
-787
-787
-781
-781
-776
-775
-770
-769
-764
-763
-758
-757
-752
-751
-746
-742
-742
-737
-737
-733
-733
-727
-727
-723
-723
-719
-719
-715
-715
-711
-711
-709
-708
-705
-705
-702
-702
-700
-699
-698
-696
-694
-694
-692
-690
-690
-688
-688
-686
-686
-684
-684
-683
-682
-682
-680
-680
-680
-678
-678
-678
-678
-676
-676
-676
-676
-675
-674
-674
-674
-674
-674
-674
-674
-672
-672
-672
-672
-672
-672
-672
-672
-672
-672
-672
-672
-672
-672
-672
-672
-672
-672
-673
-674
-674
-674
-674
-674
-674
-674
-676
-676
-676
-676
-676
-678
-678
-678
-678
-680
-680
-680
-682
-682
-682
-684
-684
-686
-686
-686
-688
-690
-690
-692
-692
-694
-694
-696
-696
-698
-700
-700
-702
-703
-706
-705
-709
-709
-713
-712
-715
-715
-719
-719
-723
-723
-727
-727
-731
-731
-735
-735
-740
-740
-744
-744
-748
-748
-751
-752
-754
-754
-754
-756
-756
-756
-756
-756
-756
-756
-754
-754
-754
-752
-752
-748
-747
-740
-740
-733
-731
-723
-723
-717
-716
-709
-709
-703
-703
-700
-699
-694
-694
-690
-690
-686
-686
-682
-680
-680
-678
-676
-676
-675
-674
-674
-672
-672
-672
-671
-670
-670
-670
-669
-668
-668
-668
-668
-668
-667
-666
-666
-666
-666
-666
-666
-665
-665
-664
-664
-664
-664
-664
-664
-664
-664
-664
-664
-664
-664
-663
-663
-663
-663
-663
-663
-663
-663
-663
-663
-663
-663
-663
-663
-663
-663
-663
-663
-663
-663
-663
-663
-663
-663
-663
-663
-663
-663
-663
-663
-663
-663
-663
-663
-663
-663
-663
-663
-663
-664
-664
-664
-664
-664
-664
-664
-664
-664
-664
-664
-664
-664
-664
-664
-664
-664
-664
-664
-664
-664
-664
-664
-664
-664
-664
-664
-664
-664
-664
-664
-664
-664
-664
-664
-664
-664
-664
-664
-664
-664
-664
-664
-664
-664
-664
-663
-663
-663
-663
-663
-663
-661
-661
-661
-661
-661
-661
-661
-659
-659
-659
-659
-659
-657
-657
-657
-657
-657
-657
-655
-655
-655
-655
-655
-655
-653
-653
-653
-653
-653
-653
-651
-651
-651
-651
-651
-649
-649
-649
-649
-649
-649
-647
-647
-647
-647
-647
-647
-645
-645
-645
-645
-645
-645
-643
-643
-643
-643
-643
-641
-641
-641
-641
-641
-641
-639
-639
-639
-639
-639
-639
-637
-637
-637
-637
-637
-636
-635
-635
-635
-635
-635
-634
-633
-633
-633
-633
-633
-632
-631
-631
-631
-631
-631
-630
-629
-629
-629
-629
-629
-628
-627
-627
-627
-627
-627
-626
-626
-626
-626
-625
-625
-624
-624
-624
-624
-624
-624
-622
-622
-622
-622
-622
-622
-620
-620
-620
-620
-620
-620
-618
-618
-618
-618
-618
-618
-616
-616
-616
-616
-616
-616
-614
-614
-614
-614
-614
-614
-612
-612
-612
-612
-612
-612
-612
-610
-610
-610
-610
-610
-610
-608
-608
-608
-608
-608
-608
-606
-606
-606
-606
-606
-606
-606
-604
-604
-604
-604
-604
-604
-604
-602
-602
-602
-602
-602
-602
-601
-600
-600
-600
-600
-600
-600
-599
-598
-598
-598
-598
-598
-598
-598
-596
-596
-596
-596
-596
-596
-596
-595
-594
-594
-594
-594
-594
-594
-594
-594
-593
-592
-592
-592
-592
-592
-592
-592
-591
-591
-590
-590
-590
-590
-590
-590
-590
-590
-590
-590
-589
-589
-589
-588
-588
-588
-588
-588
-588
-588
-588
-589
-590
-590
-590
-590
-590
-591
-591
-592
-592
-592
-594
-594
-594
-595
-596
-596
-598
-598
-600
-600
-601
-602
-604
-604
-606
-606
-608
-608
-610
-610
-612
-612
-614
-616
-618
-618
-620
-620
-622
-622
-622
-624
-624
-624
-625
-626
-626
-626
-626
-626
-626
-626
-624
-624
-624
-622
-622
-618
-618
-612
-612
-606
-606
-598
-598
-593
-593
-588
-588
-585
-584
-581
-580
-577
-576
-571
-571
-567
-565
-563
-561
-559
-556
-555
-553
-552
-550
-549
-548
-546
-544
-544
-542
-542
-540
-538
-536
-536
-534
-534
-532
-531
-528
-528
-526
-526
-524
-523
-522
-521
-520
-519
-518
-517
-516
-514
-514
-513
-513
-512
-512
-511
-511
-511
-511
-509
-509
-509
-507
-507
-507
-505
-505
-505
-505
-503
-503
-503
-501
-501
-501
-499
-499
-499
-497
-497
-495
-495
-495
-494
-493
-493
-491
-491
-491
-489
-489
-489
-487
-487
-486
-485
-485
-484
-483
-483
-481
-481
-481
-480
-479
-478
-477
-477
-476
-475
-475
-474
-474
-472
-472
-472
-470
-470
-470
-468
-468
-466
-466
-464
-464
-464
-462
-462
-462
-460
-460
-458
-458
-456
-456
-455
-454
-454
-453
-452
-452
-450
-450
-448
-448
-447
-446
-445
-444
-444
-443
-442
-441
-440
-440
-438
-438
-437
-437
-435
-435
-435
-433
-433
-431
-431
-429
-429
-427
-427
-427
-425
-425
-423
-423
-423
-421
-420
-419
-419
-417
-417
-415
-415
-413
-413
-411
-411
-409
-409
-407
-407
-405
-405
-405
-404
-403
-402
-400
-400
-398
-398
-396
-396
-394
-392
-392
-390
-390
-388
-388
-386
-386
-384
-382
-380
-380
-378
-378
-376
-375
-372
-372
-370
-370
-367
-367
-364
-364
-361
-361
-359
-358
-355
-355
-353
-351
-349
-347
-345
-343
-343
-339
-339
-335
-335
-332
-331
-329
-328
-325
-324
-321
-320
-318
-317
-314
-313
-308
-308
-304
-304
-300
-300
-296
-296
-291
-285
-279
-255
-238
-200
-180
-178
-157
-136
-112
-105
-96
-88
-83
-72
-67
-55
-45
-34
-22
-13
0
