0
0
2
2
4
6
9
9
11
12
13
13
15
16
17
18
19
21
22
23
24
26
26
26
28
28
30
30
32
32
34
35
35
37
37
39
39
40
41
41
42
43
43
43
45
45
47
47
47
49
49
49
51
51
51
52
53
53
54
55
55
56
57
57
58
60
60
62
62
64
64
66
67
69
69
71
71
73
73
75
75
77
77
79
79
81
81
83
83
85
86
87
88
88
89
90
91
92
94
94
96
97
99
99
99
101
101
103
103
105
105
105
107
107
109
109
111
111
111
113
113
115
115
116
117
118
119
120
120
122
122
124
124
125
126
126
128
129
129
131
131
131
133
133
133
135
135
135
137
137
137
139
139
139
139
141
141
141
143
143
143
143
145
145
145
145
147
148
148
147
149
150
150
150
151
152
152
152
153
154
154
154
155
156
156
156
157
158
158
158
158
160
160
160
160
162
162
162
163
163
164
165
165
165
165
167
167
167
167
169
169
169
169
169
171
171
171
171
171
173
173
173
173
173
175
175
175
175
175
177
178
178
178
178
179
180
180
180
181
182
182
182
182
182
184
184
184
184
185
186
186
186
186
186
188
188
188
188
188
189
190
190
190
190
191
192
192
192
192
193
194
194
194
194
195
196
196
196
197
197
199
199
199
199
199
201
201
201
201
201
201
203
203
203
203
203
205
205
205
205
205
208
208
208
208
209
210
210
210
210
212
212
212
212
212
214
214
214
214
216
216
216
216
218
218
218
218
220
220
220
222
222
223
224
225
226
227
229
231
230
234
235
238
238
242
243
249
249
256
257
265
264
266
265
263
261
260
259
258
257
254
254
253
252
252
250
250
248
248
248
246
246
246
244
244
244
244
242
242
242
242
242
241
241
240
240
240
240
240
240
240
240
240
241
242
242
242
242
242
242
242
242
242
243
244
244
244
244
244
244
246
246
246
246
246
247
248
248
248
248
250
250
250
250
250
252
252
252
252
254
254
254
254
256
256
256
258
258
258
258
260
260
260
262
262
263
263
265
265
265
265
267
267
267
269
270
270
270
272
272
272
272
273
274
274
274
274
274
276
276
276
276
276
276
276
276
276
278
278
278
278
278
278
278
278
278
278
278
280
280
280
280
280
280
280
280
280
280
280
280
282
282
282
282
282
282
282
282
282
282
282
282
282
282
284
284
284
284
284
284
284
284
284
284
284
284
284
284
286
286
286
286
286
286
286
286
286
286
286
286
286
286
288
288
288
288
288
288
288
288
288
288
288
288
288
288
289
290
290
290
290
290
290
290
290
290
290
290
291
292
292
292
293
293
293
293
293
293
293
293
293
293
293
293
294
295
295
295
295
295
295
295
295
295
295
295
295
296
296
297
297
297
297
297
297
297
297
297
297
297
298
299
299
299
299
299
299
299
299
300
300
301
302
302
302
302
302
302
302
302
302
302
303
304
304
304
304
304
304
304
304
305
306
306
306
306
306
306
306
307
308
308
308
308
308
308
310
310
310
310
312
312
312
312
314
314
314
314
316
316
318
318
318
318
320
320
322
323
324
325
326
327
328
329
330
332
333
334
336
338
338
340
342
342
344
345
348
348
351
351
355
355
358
358
361
362
364
365
363
363
360
359
357
357
354
353
350
350
348
347
344
344
342
340
340
338
338
336
334
333
333
331
331
329
329
327
327
325
325
324
323
323
322
320
321
320
318
318
318
318
316
316
316
316
316
316
316
314
314
314
314
314
314
312
312
312
312
312
312
312
310
310
310
310
310
310
310
310
310
308
308
308
308
308
308
308
308
308
308
308
308
307
306
306
306
306
306
306
306
306
306
306
306
306
306
306
306
306
306
306
306
306
306
306
306
306
306
306
306
306
306
306
306
306
306
306
306
306
306
306
308
308
308
308
308
308
308
308
308
308
308
308
308
308
308
308
310
310
310
310
310
310
310
310
310
312
312
312
312
312
314
314
314
314
316
316
316
318
319
320
321
322
323
324
324
327
328
331
332
336
336
340
340
340
338
338
338
336
336
334
333
332
331
330
329
328
327
326
325
325
322
323
323
322
321
321
320
318
318
318
318
318
316
316
316
316
316
316
316
316
316
316
316
316
316
316
316
316
316
316
316
316
316
318
318
318
318
318
318
320
321
320
322
323
323
324
325
326
328
329
331
332
336
336
342
342
347
347
342
342
340
340
338
338
336
335
334
333
332
331
331
330
329
329
329
329
328
327
327
327
327
327
327
327
327
327
327
327
327
327
327
327
327
327
327
327
328
329
329
329
329
331
331
331
332
333
334
334
336
336
338
338
342
342
341
345
349
349
350
354
354
359
360
366
366
369
367
366
364
363
362
361
360
359
359
356
355
354
353
353
352
350
350
348
349
346
346
346
344
344
344
342
342
342
340
340
340
340
338
338
338
338
336
336
336
336
334
334
333
333
333
333
332
331
331
331
331
331
331
331
330
329
329
329
329
329
329
329
329
329
329
329
328
328
327
327
327
327
328
329
329
329
329
329
329
329
329
329
329
329
330
331
331
331
331
331
333
333
333
334
335
336
336
336
338
338
338
340
340
340
342
342
342
344
344
344
346
348
348
348
348
350
352
352
355
356
357
357
359
360
361
362
365
366
367
368
370
370
372
374
376
377
378
381
382
384
385
387
388
391
392
393
393
391
386
387
382
383
382
378
377
374
373
370
369
365
364
361
360
357
357
353
353
349
349
346
346
344
342
342
340
338
338
336
335
334
333
331
331
331
329
329
328
327
327
327
326
325
325
325
325
325
325
325
325
325
325
325
325
325
325
325
325
325
326
327
327
327
328
329
329
331
331
333
334
336
338
337
340
340
345
345
349
350
350
343
342
339
340
338
336
336
334
333
332
331
330
329
329
327
327
327
326
325
325
325
325
323
323
323
323
322
320
320
320
321
321
321
321
320
320
318
318
318
318
318
318
318
318
318
318
318
318
318
318
318
318
318
318
318
318
318
320
320
321
320
320
322
323
323
323
324
325
325
327
327
329
330
331
334
334
338
338
342
342
346
343
340
340
334
334
330
330
328
327
324
324
322
322
320
321
320
318
318
318
316
316
316
316
316
314
314
314
314
314
314
314
314
314
314
314
314
314
314
314
314
314
314
314
314
314
316
316
316
316
316
316
318
318
318
318
320
320
320
322
323
323
325
325
326
327
328
330
331
333
334
336
336
337
336
334
333
330
329
327
327
325
324
322
322
320
320
318
318
316
316
314
314
314
312
312
312
310
310
310
308
308
308
308
308
306
306
306
306
306
306
304
304
304
304
304
304
304
304
304
304
304
304
304
304
304
304
304
304
304
304
304
306
306
306
306
306
308
308
308
308
310
310
310
310
312
312
312
314
314
316
316
318
318
320
320
322
323
325
325
327
327
329
329
331
333
333
336
337
338
339
342
342
345
346
348
348
351
350
350
349
345
344
341
340
336
336
331
330
326
325
321
321
317
316
312
311
307
306
303
302
299
298
295
294
293
291
289
288
286
286
284
282
281
280
278
278
277
276
275
274
274
274
272
272
272
272
272
272
272
272
272
272
272
272
272
272
272
272
274
274
274
274
275
276
276
276
278
278
279
280
280
282
282
284
284
286
286
283
283
279
280
278
276
276
274
274
272
272
270
267
267
267
265
265
263
263
262
261
260
260
259
258
258
258
257
256
256
256
256
256
255
254
254
254
254
254
254
254
254
254
254
254
254
254
254
254
254
254
254
254
254
254
254
254
255
256
256
256
256
256
257
258
258
258
258
260
260
260
261
262
262
263
265
265
267
268
269
270
271
272
273
274
274
276
277
278
279
282
282
284
285
288
288
291
291
295
295
299
300
299
300
296
295
290
290
286
286
282
282
279
278
276
274
271
270
270
268
267
264
263
261
260
259
258
256
255
253
252
252
250
248
248
246
246
246
244
244
242
242
240
240
239
237
237
237
235
235
235
233
233
233
233
231
231
231
230
230
229
228
228
228
228
228
228
227
226
226
226
226
226
226
226
226
226
226
226
226
225
224
224
224
224
224
224
224
224
224
224
224
224
224
224
224
224
224
224
224
224
224
224
224
224
224
224
224
224
226
226
226
226
226
226
226
226
227
228
228
228
228
228
229
230
230
231
231
233
233
233
235
235
235
237
237
238
240
240
242
242
244
245
246
244
244
242
242
240
240
237
236
233
233
231
231
228
227
226
224
224
222
222
220
219
218
218
215
214
214
212
209
210
210
210
208
208
205
206
205
203
203
203
203
201
201
201
201
201
201
201
201
201
201
201
201
201
201
201
201
201
201
201
203
203
203
203
205
205
205
205
208
207
210
210
212
212
214
214
217
216
214
213
210
210
208
207
205
205
203
203
201
201
199
199
198
197
196
195
194
194
194
193
192
192
192
192
191
190
190
190
190
190
189
188
188
188
188
188
188
188
188
188
188
188
188
188
188
188
188
188
188
188
190
190
190
190
190
192
192
192
193
194
194
195
197
197
199
199
201
203
203
206
205
210
210
214
214
218
218
224
225
223
222
217
216
211
210
206
205
201
199
197
195
194
192
191
188
188
186
186
184
184
182
182
181
180
177
178
177
175
175
173
173
173
173
171
171
171
169
169
169
167
167
167
167
167
165
165
165
165
165
165
165
165
165
165
164
164
165
165
165
165
165
165
165
165
167
167
167
167
169
169
171
171
173
173
173
176
177
179
181
178
175
174
173
171
169
169
167
166
165
163
163
161
160
160
159
158
157
156
156
154
154
154
152
152
152
151
150
150
150
147
148
148
148
147
145
145
145
145
145
145
143
143
143
143
143
143
143
143
141
141
141
141
141
141
141
141
141
141
139
139
139
139
139
139
139
139
139
139
139
139
139
139
139
139
139
139
139
139
139
139
139
139
139
139
139
139
139
139
139
139
139
141
141
141
141
141
141
141
143
143
143
143
143
145
145
145
145
148
148
148
149
150
151
152
152
154
154
156
156
159
160
163
163
167
167
171
173
173
180
179
186
186
193
193
199
187
184
175
174
166
164
159
156
154
150
150
145
145
142
141
139
137
135
135
133
133
132
131
130
128
128
126
126
125
124
124
123
122
122
121
120
120
120
117
118
117
117
115
115
115
115
115
113
113
113
113
113
111
111
111
111
111
109
109
109
109
109
109
109
107
107
107
107
107
107
107
105
105
105
105
105
105
105
105
105
105
104
103
103
103
103
103
103
103
103
103
103
103
103
103
103
103
103
103
103
103
103
103
103
103
103
103
103
103
103
103
103
103
103
103
103
103
105
105
105
105
105
105
105
107
107
107
107
109
109
109
109
111
111
113
113
113
115
115
118
118
120
121
124
116
116
110
110
104
103
103
99
99
96
95
93
92
90
90
88
88
86
85
84
83
83
81
81
81
81
79
79
79
77
77
77
77
75
75
75
75
75
73
73
73
73
73
71
71
71
71
71
71
70
69
69
69
69
69
69
69
68
68
67
67
67
67
67
67
67
67
67
64
64
65
65
65
65
65
65
65
65
65
65
65
65
65
65
65
65
65
65
65
65
65
65
65
65
65
65
65
65
65
65
65
65
65
65
65
65
65
65
65
65
65
65
65
65
65
65
65
65
64
64
67
67
67
67
67
67
67
67
68
69
69
69
69
69
69
71
71
71
71
72
73
73
73
73
75
75
75
76
77
77
77
79
79
80
81
81
82
83
84
85
85
87
89
89
90
92
93
94
96
96
99
100
101
101
105
105
107
107
105
103
101
101
99
98
94
95
92
92
89
89
86
86
84
84
81
81
79
79
77
77
75
75
73
73
71
70
69
68
67
66
65
64
62
62
62
60
60
58
58
57
56
55
55
53
53
53
52
51
51
51
49
49
49
47
47
47
47
45
45
45
45
43
43
43
43
43
42
41
41
41
41
40
39
39
39
39
39
38
37
37
37
37
37
37
36
34
35
35
35
35
35
35
35
35
34
32
32
32
32
32
32
32
32
32
32
32
32
32
32
32
32
32
32
32
32
32
32
32
30
30
30
30
30
30
32
32
32
32
32
32
32
32
32
32
32
32
32
32
32
32
32
32
32
32
32
34
35
35
35
35
34
37
37
37
37
39
39
39
41
41
41
42
43
43
45
45
47
47
49
49
51
51
52
53
54
55
56
58
59
60
62
62
63
60
60
58
57
55
55
53
53
51
51
49
49
49
47
47
46
45
45
45
43
43
43
41
41
41
40
39
39
39
37
37
37
37
34
35
35
35
32
32
32
32
30
30
30
30
30
28
28
28
28
28
26
26
26
26
26
26
24
23
23
23
23
23
22
21
21
21
21
21
20
19
19
19
19
19
19
18
17
17
17
17
17
17
17
16
15
15
15
15
15
15
15
15
14
13
13
13
13
13
13
13
13
13
13
12
12
11
11
11
11
11
11
11
11
11
11
11
11
11
11
11
10
9
9
9
9
9
9
9
9
9
9
9
9
9
9
9
9
9
9
9
9
9
9
9
9
9
9
9
10
11
11
11
11
11
11
11
11
11
11
11
11
11
13
13
13
13
13
13
13
13
15
15
15
15
15
15
16
17
17
17
17
19
19
19
19
19
21
21
21
22
23
23
23
25
26
26
26
28
28
30
30
30
30
32
32
34
35
35
37
37
39
41
41
41
43
44
45
45
47
48
51
51
53
54
56
58
59
61
62
66
66
68
60
61
54
54
51
49
49
45
40
41
41
37
37
34
34
30
31
28
28
26
26
24
23
21
21
19
19
17
17
17
15
15
13
13
13
12
11
11
11
9
9
9
8
7
7
7
7
4
5
5
5
4
2
2
2
2
2
2
2
0
0
0
0
0
0
0
0
0
0
0
-2
-2
-2
-2
-2
-2
-2
-2
-2
-2
-2
-2
-2
-2
-2
-2
-2
-2
-2
-2
-2
-2
-2
-2
-2
-2
-2
-2
-2
-2
-2
-2
-2
-2
0
0
0
0
0
0
0
0
0
0
2
3
2
2
2
2
4
5
5
5
5
7
7
7
8
9
9
11
11
11
13
13
14
15
15
17
17
17
17
16
15
15
14
13
13
13
11
11
11
9
9
9
8
7
7
6
4
5
5
4
2
2
2
2
0
0
0
0
0
-2
-2
-2
-2
-2
-4
-4
-4
-4
-4
-4
-4
-6
-6
-6
-6
-6
-6
-6
-6
-8
-8
-8
-8
-8
-8
-8
-8
-8
-8
-8
-8
-8
-10
-10
-10
-10
-10
-10
-10
-10
-11
-11
-11
-11
-11
-11
-11
-11
-10
-10
-10
-10
-10
-10
-10
-10
-9
-8
-8
-8
-8
-8
-8
-8
-8
-8
-8
-8
-8
-8
-6
-6
-6
-6
-6
-6
-6
-6
-6
-4
-4
-4
-4
-4
-4
-4
-2
-2
-2
-2
-2
0
0
0
0
0
2
2
2
2
5
5
5
4
7
7
8
9
9
10
11
11
13
13
13
15
16
17
17
19
19
21
21
23
24
26
26
28
30
31
32
34
34
37
37
41
42
44
45
44
43
39
39
35
35
30
31
26
26
23
22
20
19
16
15
13
13
10
10
9
7
7
5
2
2
0
0
-2
-3
-4
-6
-6
-9
-10
-12
-13
-14
-15
-17
-17
-19
-20
-21
-22
-23
-24
-25
-26
-26
-28
-28
-30
-30
-30
-32
-32
-32
-34
-34
-34
-34
-34
-36
-36
-36
-36
-36
-38
-38
-38
-38
-38
-38
-39
-40
-40
-40
-40
-40
-40
-40
-41
-42
-42
-42
-42
-42
-42
-42
-42
-42
-43
-44
-45
-45
-45
-45
-45
-45
-45
-45
-45
-45
-45
-45
-45
-46
-46
-46
-47
-47
-47
-47
-47
-47
-47
-47
-47
-47
-47
-47
-47
-47
-47
-47
-47
-47
-47
-48
-48
-49
-49
-49
-49
-49
-49
-49
-49
-49
-49
-49
-49
-49
-49
-49
-49
-49
-49
-49
-49
-49
-49
-49
-49
-49
-49
-49
-49
-49
-49
-49
-49
-49
-49
-50
-51
-51
-51
-51
-51
-51
-51
-51
-51
-51
-51
-51
-51
-51
-51
-51
-51
-51
-51
-51
-51
-51
-51
-51
-51
-51
-51
-51
-51
-51
-51
-51
-51
-51
-51
-51
-51
-51
-51
-51
-51
-51
-51
-51
-51
-51
-51
-51
-52
-52
-53
-53
-53
-53
-53
-53
-53
-53
-53
-53
-53
-53
-53
-53
-53
-53
-53
-53
-53
-53
-53
-53
-53
-53
-53
-53
-53
-53
-53
-53
-53
-53
-53
-53
-53
-53
-53
-53
-53
-53
-53
-53
-53
-53
-53
-53
-53
-53
-53
-53
-53
-53
-53
-53
-53
-53
-53
-53
-53
-53
-53
-53
-53
-53
-53
-53
-53
-53
-53
-53
-53
-53
-53
-53
-53
-53
-53
-53
-53
-53
-53
-53
-53
-53
-53
-53
-53
-53
-53
-53
-53
-54
-52
-51
-51
-51
-51
-51
-51
-51
-51
-51
-51
-51
-51
-51
-51
-51
-51
-51
-51
-51
-51
-51
-51
-51
-51
-51
-51
-51
-51
-51
-50
-49
-49
-49
-49
-49
-49
-49
-49
-49
-49
-49
-49
-49
-49
-49
-49
-49
-48
-47
-47
-47
-47
-47
-47
-47
-47
-47
-47
-47
-47
-46
-45
-45
-45
-45
-45
-45
-45
-45
-45
-44
-44
-42
-42
-42
-42
-42
-42
-42
-42
-41
-40
-40
-40
-40
-40
-40
-40
-38
-38
-38
-38
-38
-38
-36
-36
-36
-36
-36
-36
-34
-34
-34
-34
-32
-32
-32
-32
-32
-30
-30
-30
-30
-28
-27
-28
-26
-25
-25
-26
-23
-23
-21
-21
-19
-18
-15
-15
-11
-10
-8
-6
-5
0
4
2
-4
-4
-10
-10
-15
-16
-19
-19
-21
-22
-23
-24
-25
-26
-26
-28
-28
-30
-30
-30
-30
-32
-32
-32
-34
-34
-34
-34
-34
-36
-36
-36
-36
-36
-36
-38
-38
-38
-38
-38
-38
-38
-39
-40
-40
-40
-40
-40
-40
-40
-40
-42
-42
-42
-42
-42
-42
-42
-42
-42
-42
-42
-42
-42
-43
-44
-44
-44
-44
-44
-45
-45
-45
-45
-45
-45
-45
-45
-45
-45
-45
-45
-45
-45
-45
-45
-45
-45
-45
-45
-45
-45
-45
-45
-45
-45
-45
-45
-45
-45
-45
-45
-45
-45
-45
-45
-45
-45
-45
-45
-45
-45
-45
-45
-45
-45
-45
-45
-45
-45
-45
-45
-45
-45
-45
-45
-45
-45
-45
-45
-45
-45
-45
-45
-45
-45
-45
-45
-45
-44
-44
-44
-44
-44
-43
-42
-42
-42
-42
-42
-42
-42
-42
-42
-42
-42
-42
-42
-42
-42
-42
-42
-41
-40
-40
-40
-40
-40
-40
-40
-40
-40
-40
-40
-40
-40
-40
-38
-38
-38
-38
-38
-38
-38
-38
-38
-38
-38
-38
-36
-36
-36
-36
-36
-36
-36
-36
-36
-36
-34
-34
-34
-34
-34
-34
-34
-32
-32
-32
-32
-32
-32
-30
-30
-30
-30
-30
-28
-28
-28
-28
-28
-25
-25
-26
-26
-23
-23
-21
-21
-20
-19
-19
-18
-17
-16
-15
-14
-12
-11
-8
-8
-5
-5
-6
-1
-1
3
3
9
9
13
7
6
0
1
-2
-4
-7
-8
-11
-12
-13
-16
-17
-18
-19
-21
-21
-23
-24
-25
-26
-28
-28
-30
-30
-30
-32
-32
-32
-34
-34
-36
-36
-36
-36
-38
-38
-38
-38
-40
-40
-40
-40
-40
-42
-42
-42
-42
-42
-43
-44
-45
-45
-45
-45
-45
-45
-45
-46
-47
-47
-47
-47
-47
-47
-47
-47
-47
-47
-47
-47
-47
-47
-47
-47
-47
-47
-47
-47
-47
-47
-47
-47
-47
-47
-47
-47
-47
-47
-47
-48
-48
-49
-49
-49
-49
-49
-49
-49
-49
-49
-49
-49
-49
-49
-49
-49
-49
-49
-49
-49
-49
-49
-49
-49
-49
-49
-49
-49
-49
-49
-49
-49
-49
-49
-49
-49
-49
-49
-49
-49
-49
-49
-49
-49
-49
-49
-49
-49
-49
-49
-49
-49
-49
-49
-49
-49
-49
-49
-49
-49
-49
-49
-49
-49
-49
-49
-49
-49
-49
-49
-49
-49
-49
-49
-49
-49
-49
-49
-49
-49
-49
-49
-49
-49
-49
-49
-49
-49
-49
-49
-49
-49
-49
-49
-49
-49
-49
-49
-49
-49
-49
-49
-49
-49
-49
-49
-49
-49
-49
-49
-49
-49
-49
-49
-49
-49
-49
-49
-49
-49
-49
-49
-49
-49
-49
-49
-49
-49
-49
-49
-49
-49
-49
-49
-49
-49
-49
-49
-49
-49
-49
-49
-49
-49
-49
-49
-49
-49
-49
-49
-49
-49
-49
-49
-49
-49
-49
-49
-49
-49
-49
-49
-49
-49
-49
-49
-49
-49
-49
-49
-49
-49
-49
-49
-49
-49
-49
-49
-49
-49
-49
-49
-49
-49
-49
-49
-49
-49
-49
-49
-49
-49
-49
-49
-49
-49
-49
-49
-49
-49
-49
-49
-49
-49
-49
-49
-49
-49
-49
-49
-49
-49
-49
-49
-49
-49
-49
-49
-49
-49
-49
-49
-49
-49
-49
-49
-49
-49
-49
-49
-49
-49
-49
-49
-49
-49
-49
-49
-49
-49
-49
-49
-49
-49
-49
-49
-49
-49
-49
-49
-49
-49
-49
-49
-49
-49
-49
-49
-49
-49
-49
-49
-49
-49
-49
-49
-49
-49
-49
-49
-49
-49
-49
-49
-49
-49
-49
-49
-49
-49
-49
-49
-49
-49
-49
-49
-49
-49
-48
-48
-47
-47
-47
-47
-47
-47
-47
-47
-47
-47
-47
-50
-51
-53
-53
-54
-55
-56
-57
-58
-60
-60
-60
-60
-62
-62
-62
-64
-64
-64
-64
-64
-66
-66
-66
-66
-66
-68
-68
-68
-68
-68
-68
-68
-70
-70
-70
-70
-70
-70
-70
-70
-72
-72
-72
-72
-72
-72
-73
-74
-74
-74
-74
-74
-75
-76
-76
-76
-76
-76
-78
-78
-79
-79
-79
-79
-81
-81
-81
-81
-81
-82
-83
-83
-83
-83
-84
-85
-85
-86
-86
-86
-86
-88
-88
-88
-88
-88
-90
-90
-90
-90
-90
-90
-92
-92
-92
-92
-92
-94
-94
-94
-94
-94
-94
-96
-96
-96
-96
-96
-97
-98
-98
-98
-98
-98
-100
-100
-100
-100
-100
-100
-102
-102
-102
-102
-102
-102
-104
-104
-104
-104
-104
-104
-105
-106
-106
-106
-106
-107
-109
-108
-108
-108
-108
-108
-109
-111
-111
-111
-111
-111
-111
-111
-111
-111
-113
-113
-113
-113
-113
-113
-113
-114
-114
-113
-114
-115
-115
-115
-115
-116
-116
-116
-116
-116
-116
-116
-116
-116
-116
-116
-116
-116
-116
-116
-116
-116
-116
-116
-116
-116
-116
-116
-117
-118
-118
-118
-118
-118
-118
-118
-118
-118
-118
-118
-118
-120
-120
-120
-120
-120
-120
-120
-120
-120
-120
-120
-120
-122
-122
-122
-122
-122
-122
-122
-122
-122
-122
-122
-124
-124
-124
-124
-124
-124
-124
-124
-124
-126
-126
-126
-126
-126
-126
-126
-126
-126
-126
-128
-128
-128
-128
-128
-128
-128
-128
-129
-130
-130
-130
-130
-130
-130
-130
-131
-132
-132
-132
-132
-132
-132
-132
-133
-134
-134
-134
-134
-134
-134
-134
-134
-135
-136
-136
-136
-136
-136
-136
-137
-138
-138
-138
-138
-138
-138
-138
-141
-141
-141
-141
-141
-141
-141
-141
-143
-143
-143
-143
-143
-143
-143
-143
-143
-143
-143
-143
-143
-143
-143
-143
-143
-143
-143
-143
-143
-143
-143
-143
-143
-143
-143
-143
-143
-143
-143
-143
-143
-143
-143
-143
-143
-143
-143
-143
-143
-143
-143
-143
-143
-143
-143
-145
-145
-145
-145
-145
-145
-145
-145
-145
-145
-145
-145
-145
-145
-145
-145
-145
-145
-145
-145
-145
-145
-145
-145
-145
-145
-145
-145
-145
-145
-145
-145
-145
-145
-145
-145
-145
-145
-145
-145
-145
-145
-145
-145
-145
-145
-145
-145
-145
-145
-145
-145
-145
-145
-145
-145
-145
-145
-145
-145
-145
-145
-145
-145
-145
-145
-147
-147
-147
-147
-147
-147
-147
-147
-147
-147
-147
-147
-147
-147
-147
-147
-147
-147
-148
-148
-148
-148
-148
-148
-148
-148
-148
-148
-148
-148
-148
-148
-148
-148
-148
-148
-148
-148
-148
-148
-148
-148
-148
-148
-148
-148
-148
-148
-148
-148
-148
-148
-148
-148
-148
-148
-148
-148
-148
-148
-148
-148
-148
-148
-148
-148
-148
-149
-149
-150
-150
-149
-149
-149
-149
-149
-149
-149
-149
-149
-149
-149
-149
-150
-150
-150
-150
-150
-150
-150
-150
-150
-150
-150
-150
-150
-150
-150
-150
-150
-150
-150
-150
-150
-150
-150
-150
-150
-150
-150
-150
-150
-150
-150
-150
-150
-150
-150
-150
-150
-150
-150
-150
-150
-150
-150
-150
-150
-150
-150
-150
-150
-150
-150
-150
-150
-150
-150
-150
-150
-151
-152
-152
-152
-152
-152
-152
-152
-152
-152
-152
-152
-152
-152
-152
-152
-152
-152
-152
-152
-152
-152
-152
-152
-152
-152
-152
-152
-152
-152
-152
-152
-152
-152
-152
-152
-152
-152
-152
-152
-152
-152
-152
-152
-152
-152
-152
-152
-152
-152
-152
-152
-152
-152
-152
-152
-152
-152
-152
-152
-152
-152
-152
-152
-152
-152
-152
-152
-152
-152
-152
-152
-152
-152
-152
-152
-152
-152
-152
-152
-152
-152
-152
-152
-152
-152
-154
-154
-154
-154
-154
-156
-156
-160
-160
-164
-164
-171
-171
-179
-178
-183
-183
-185
-186
-186
-188
-188
-188
-188
-188
-188
-188
-188
-188
-188
-188
-188
-187
-186
-186
-184
-184
-182
-182
-176
-175
-173
-173
-172
-171
-170
-171
-171
-168
-168
-168
-166
-166
-166
-166
-165
-164
-164
-164
-164
-163
-162
-162
-162
-162
-162
-162
-162
-161
-160
-160
-160
-160
-160
-160
-160
-160
-160
-160
-160
-159
-158
-158
-158
-158
-158
-158
-158
-158
-158
-158
-158
-158
-158
-158
-158
-158
-158
-158
-157
-156
-156
-156
-156
-156
-156
-156
-156
-156
-156
-156
-156
-156
-156
-156
-156
-156
-156
-156
-156
-156
-156
-156
-156
-156
-156
-156
-156
-156
-156
-156
-156
-156
-156
-155
-154
-154
-154
-154
-154
-154
-154
-154
-154
-154
-154
-154
-154
-154
-154
-154
-154
-154
-154
-154
-154
-154
-154
-154
-154
-154
-154
-154
-154
-154
-154
-154
-154
-154
-154
-154
-154
-154
-154
-154
-154
-154
-154
-154
-154
-154
-154
-154
-154
-154
-154
-154
-154
-154
-154
-154
-154
-154
-154
-154
-154
-154
-154
-154
-154
-154
-154
-154
-154
-154
-154
-154
-154
-154
-154
-154
-154
-154
-154
-154
-154
-154
-154
-154
-154
-154
-156
-156
-156
-156
-156
-156
-156
-156
-156
-156
-156
-156
-156
-156
-156
-156
-156
-156
-156
-156
-156
-156
-156
-156
-156
-156
-156
-156
-156
-156
-156
-156
-156
-156
-156
-156
-156
-156
-156
-156
-156
-156
-156
-156
-156
-156
-156
-156
-156
-156
-156
-156
-156
-156
-156
-156
-157
-158
-158
-158
-158
-158
-158
-158
-158
-158
-158
-158
-158
-158
-158
-158
-158
-158
-158
-158
-158
-158
-158
-158
-158
-158
-158
-158
-158
-158
-158
-158
-158
-158
-158
-158
-158
-158
-158
-159
-160
-160
-160
-160
-160
-160
-160
-160
-160
-160
-160
-160
-160
-160
-160
-160
-160
-160
-160
-160
-160
-160
-160
-160
-160
-160
-160
-160
-160
-160
-161
-162
-162
-162
-162
-162
-162
-162
-162
-162
-162
-162
-162
-162
-162
-162
-162
-162
-164
-164
-164
-164
-164
-164
-165
-166
-166
-166
-166
-169
-169
-168
-168
-171
-171
-171
-171
-173
-173
-175
-175
-175
-177
-177
-177
-179
-179
-181
-181
-182
-184
-184
-184
-185
-186
-186
-186
-186
-186
-186
-186
-186
-186
-186
-186
-186
-185
-184
-184
-183
-182
-182
-182
-181
-181
-181
-181
-179
-179
-179
-179
-179
-179
-179
-179
-179
-179
-179
-179
-179
-179
-179
-179
-179
-179
-179
-179
-179
-177
-177
-177
-177
-177
-177
-177
-177
-177
-177
-177
-177
-177
-177
-177
-177
-177
-177
-177
-177
-177
-177
-177
-177
-177
-177
-177
-177
-177
-177
-177
-177
-177
-177
-177
-177
-177
-177
-177
-177
-177
-177
-177
-177
-177
-177
-177
-177
-177
-177
-177
-177
-177
-177
-177
-177
-177
-177
-177
-177
-177
-177
-177
-177
-177
-177
-177
-177
-177
-177
-177
-177
-177
-177
-177
-177
-177
-177
-177
-177
-177
-177
-177
-177
-177
-177
-177
-177
-177
-177
-177
-177
-177
-177
-177
-177
-177
-177
-177
-177
-177
-177
-177
-177
-177
-177
-177
-177
-177
-177
-177
-177
-177
-177
-177
-177
-177
-177
-177
-177
-177
-177
-177
-177
-177
-177
-177
-177
-177
-177
-177
-177
-179
-179
-179
-179
-179
-179
-179
-179
-179
-179
-179
-179
-179
-179
-179
-179
-179
-179
-179
-179
-179
-179
-179
-179
-179
-179
-179
-179
-179
-179
-179
-179
-179
-179
-179
-179
-179
-179
-179
-179
-179
-179
-181
-181
-181
-181
-181
-181
-181
-181
-181
-182
-182
-182
-182
-182
-182
-182
-182
-182
-182
-182
-182
-182
-182
-182
-182
-182
-182
-182
-183
-183
-184
-184
-184
-184
-184
-184
-184
-184
-184
-184
-184
-184
-184
-184
-184
-184
-184
-184
-185
-185
-186
-186
-186
-186
-186
-186
-186
-186
-186
-186
-186
-186
-187
-188
-188
-188
-188
-188
-188
-189
-190
-190
-190
-192
-192
-192
-194
-194
-196
-196
-198
-201
-201
-201
-204
-205
-209
-209
-213
-214
-221
-222
-238
-238
-241
-241
-243
-243
-243
-245
-245
-245
-245
-245
-245
-243
-243
-243
-243
-241
-241
-239
-239
-236
-237
-233
-233
-230
-230
-227
-226
-224
-223
-223
-219
-219
-215
-214
-211
-211
-209
-209
-209
-207
-207
-207
-205
-205
-205
-205
-203
-203
-203
-203
-203
-201
-200
-201
-201
-200
-201
-201
-198
-198
-198
-198
-198
-198
-198
-198
-198
-199
-196
-196
-196
-196
-196
-196
-196
-196
-196
-196
-196
-196
-196
-196
-196
-196
-196
-196
-196
-196
-196
-196
-196
-196
-196
-196
-196
-196
-196
-196
-196
-196
-196
-196
-196
-196
-196
-196
-196
-196
-196
-196
-196
-196
-196
-196
-196
-196
-196
-196
-196
-196
-196
-196
-196
-196
-196
-196
-196
-196
-196
-199
-199
-198
-198
-198
-198
-198
-198
-198
-198
-198
-198
-198
-198
-198
-198
-198
-199
-201
-201
-201
-201
-201
-200
-201
-201
-201
-200
-200
-201
-200
-200
-201
-203
-203
-203
-203
-203
-203
-203
-203
-203
-203
-203
-203
-205
-205
-205
-205
-205
-205
-205
-205
-205
-205
-205
-205
-207
-207
-207
-207
-207
-207
-207
-207
-207
-207
-207
-209
-209
-209
-209
-209
-209
-209
-209
-209
-209
-209
-211
-211
-211
-211
-211
-211
-211
-211
-211
-211
-213
-213
-213
-213
-213
-213
-213
-213
-213
-213
-214
-215
-215
-215
-215
-216
-216
-216
-216
-218
-218
-220
-221
-222
-225
-225
-229
-229
-234
-235
-242
-243
-251
-253
-262
-263
-270
-270
-275
-276
-278
-278
-279
-280
-281
-281
-281
-281
-281
-281
-281
-281
-280
-279
-279
-277
-277
-275
-275
-270
-268
-270
-257
-257
-247
-249
-241
-241
-235
-237
-230
-231
-226
-226
-222
-222
-219
-218
-216
-215
-214
-213
-213
-212
-211
-211
-211
-209
-209
-209
-209
-209
-209
-207
-207
-207
-207
-207
-207
-207
-207
-207
-207
-207
-205
-205
-205
-205
-205
-205
-205
-205
-205
-205
-205
-205
-205
-205
-205
-205
-205
-205
-205
-205
-205
-205
-205
-205
-205
-205
-205
-205
-205
-205
-205
-205
-205
-205
-205
-205
-205
-205
-205
-205
-205
-207
-207
-207
-207
-207
-207
-207
-207
-207
-207
-207
-207
-207
-207
-207
-207
-207
-207
-209
-209
-209
-209
-209
-209
-209
-209
-209
-209
-209
-209
-209
-211
-211
-211
-211
-211
-211
-211
-211
-211
-211
-211
-213
-213
-213
-213
-213
-213
-213
-213
-213
-213
-214
-215
-215
-216
-216
-216
-216
-216
-216
-216
-217
-218
-218
-218
-218
-218
-218
-218
-218
-220
-220
-220
-220
-220
-220
-220
-221
-222
-222
-222
-222
-223
-224
-224
-225
-226
-227
-229
-229
-231
-232
-236
-236
-243
-243
-254
-255
-276
-276
-283
-283
-286
-286
-288
-288
-289
-289
-289
-290
-291
-291
-290
-289
-289
-289
-289
-289
-288
-288
-286
-286
-283
-284
-276
-277
-268
-269
-263
-263
-258
-258
-254
-254
-249
-249
-245
-245
-241
-241
-239
-239
-239
-237
-237
-237
-235
-235
-235
-235
-233
-233
-233
-233
-233
-231
-231
-231
-231
-231
-231
-231
-231
-229
-228
-228
-228
-228
-228
-228
-228
-228
-229
-227
-226
-226
-226
-226
-226
-226
-226
-226
-226
-226
-226
-226
-226
-226
-226
-226
-226
-226
-226
-226
-226
-226
-226
-226
-226
-226
-226
-226
-226
-226
-226
-226
-226
-226
-226
-226
-226
-226
-226
-226
-226
-226
-226
-226
-226
-226
-226
-226
-226
-227
-227
-229
-228
-228
-228
-228
-228
-228
-228
-228
-231
-231
-231
-231
-231
-231
-231
-233
-233
-233
-233
-235
-235
-235
-235
-237
-237
-239
-239
-239
-241
-241
-241
-243
-243
-246
-247
-248
-249
-250
-252
-254
-254
-257
-257
-259
-260
-263
-264
-265
-266
-267
-271
-274
-273
-273
-276
-277
-277
-278
-279
-279
-279
-279
-279
-279
-279
-279
-279
-277
-278
-275
-275
-266
-266
-262
-262
-259
-258
-256
-256
-254
-254
-253
-252
-252
-251
-250
-250
-249
-249
-248
-247
-247
-247
-247
-246
-245
-245
-245
-245
-245
-245
-245
-245
-243
-243
-243
-243
-243
-243
-243
-243
-243
-243
-243
-243
-243
-243
-243
-243
-241
-241
-241
-241
-241
-241
-241
-241
-241
-243
-243
-243
-243
-243
-243
-243
-243
-245
-245
-245
-245
-247
-247
-247
-249
-250
-251
-252
-255
-256
-258
-259
-262
-264
-267
-269
-274
-275
-282
-284
-288
-290
-291
-293
-293
-293
-295
-295
-295
-295
-295
-295
-295
-293
-293
-293
-293
-291
-291
-289
-288
-288
-286
-286
-284
-284
-281
-281
-279
-279
-277
-277
-277
-275
-275
-275
-275
-273
-273
-273
-272
-271
-271
-271
-271
-271
-271
-269
-269
-269
-269
-269
-269
-269
-269
-269
-269
-269
-269
-269
-269
-269
-269
-269
-269
-269
-269
-269
-270
-271
-271
-271
-271
-271
-271
-271
-271
-273
-273
-273
-273
-273
-274
-275
-275
-275
-275
-276
-277
-277
-277
-278
-279
-279
-280
-281
-281
-282
-283
-284
-285
-287
-287
-289
-290
-291
-292
-296
-296
-301
-301
-310
-308
-320
-319
-321
-326
-327
-330
-331
-331
-332
-333
-333
-333
-333
-333
-333
-333
-333
-333
-333
-331
-331
-331
-329
-328
-324
-323
-315
-316
-309
-308
-303
-303
-299
-299
-295
-294
-292
-293
-290
-289
-289
-288
-286
-286
-284
-284
-284
-282
-282
-281
-281
-280
-279
-279
-279
-279
-278
-277
-277
-277
-277
-277
-277
-276
-275
-275
-275
-275
-275
-275
-275
-275
-275
-275
-275
-275
-275
-275
-275
-275
-275
-275
-275
-275
-275
-275
-275
-275
-275
-275
-275
-275
-275
-275
-275
-275
-275
-275
-275
-275
-275
-275
-275
-275
-275
-275
-276
-277
-277
-277
-277
-277
-277
-277
-278
-279
-279
-279
-279
-279
-280
-281
-281
-281
-282
-284
-284
-284
-286
-286
-287
-287
-288
-289
-291
-291
-293
-293
-295
-295
-297
-299
-302
-301
-307
-307
-313
-314
-313
-316
-316
-318
-318
-318
-318
-318
-318
-318
-316
-316
-316
-315
-311
-310
-305
-303
-302
-301
-300
-299
-299
-299
-297
-297
-297
-297
-295
-295
-295
-295
-295
-295
-295
-295
-295
-295
-295
-293
-293
-293
-293
-293
-293
-293
-293
-293
-293
-293
-293
-295
-295
-295
-295
-295
-295
-295
-295
-295
-295
-295
-297
-297
-297
-297
-297
-297
-297
-299
-299
-299
-299
-299
-301
-301
-301
-301
-303
-303
-303
-303
-305
-305
-305
-307
-307
-307
-309
-309
-311
-311
-313
-313
-316
-316
-320
-320
-322
-323
-327
-327
-332
-332
-340
-339
-349
-348
-368
-366
-368
-373
-374
-376
-376
-378
-378
-378
-378
-378
-378
-378
-378
-376
-376
-376
-376
-374
-372
-372
-370
-370
-367
-367
-364
-364
-361
-361
-359
-359
-357
-357
-355
-355
-354
-352
-352
-352
-350
-350
-350
-348
-348
-348
-348
-346
-346
-346
-346
-344
-343
-343
-344
-344
-344
-341
-341
-341
-341
-342
-339
-339
-339
-339
-339
-339
-339
-339
-338
-338
-337
-337
-337
-337
-337
-337
-337
-337
-337
-337
-337
-337
-337
-337
-337
-337
-337
-337
-337
-337
-338
-338
-339
-339
-339
-339
-339
-339
-339
-340
-341
-341
-341
-341
-341
-342
-344
-344
-343
-344
-344
-346
-346
-346
-346
-348
-348
-348
-348
-350
-350
-350
-352
-352
-352
-353
-355
-355
-356
-357
-357
-358
-359
-359
-361
-361
-361
-363
-363
-365
-365
-367
-367
-370
-370
-373
-374
-380
-379
-420
-420
-423
-423
-425
-425
-425
-425
-425
-425
-425
-425
-425
-424
-423
-423
-421
-420
-419
-418
-418
-416
-416
-414
-414
-412
-412
-410
-410
-410
-410
-408
-408
-406
-406
-406
-404
-404
-404
-404
-401
-401
-401
-402
-399
-399
-399
-398
-397
-397
-397
-397
-395
-395
-395
-395
-395
-395
-394
-393
-393
-393
-393
-393
-393
-393
-393
-393
-393
-392
-391
-391
-391
-391
-391
-391
-391
-391
-391
-391
-391
-391
-391
-391
-391
-391
-391
-391
-391
-391
-392
-393
-393
-393
-393
-393
-393
-393
-393
-394
-395
-395
-395
-395
-397
-397
-397
-399
-399
-400
-401
-402
-404
-404
-406
-407
-409
-410
-414
-414
-418
-418
-425
-425
-433
-434
-444
-444
-452
-452
-455
-456
-457
-459
-459
-459
-459
-459
-459
-459
-459
-459
-459
-459
-458
-457
-456
-455
-454
-453
-452
-451
-450
-448
-448
-446
-446
-444
-444
-444
-442
-442
-442
-442
-442
-442
-442
-442
-442
-442
-442
-442
-444
-444
-444
-444
-446
-446
-446
-448
-449
-452
-452
-456
-456
-461
-461
-468
-468
-475
-476
-486
-487
-498
-499
-500
-516
-516
-531
-531
-538
-538
-540
-540
-540
-540
-540
-540
-540
-540
-540
-539
-538
-538
-536
-534
-534
-532
-531
-529
-528
-526
-525
-523
-523
-521
-521
-519
-517
-517
-515
-514
-513
-512
-510
-510
-508
-508
-506
-506
-504
-504
-503
-502
-500
-500
-500
-498
-498
-497
-496
-496
-494
-494
-493
-492
-491
-491
-489
-489
-489
-487
-487
-487
-487
-485
-484
-484
-484
-482
-482
-482
-482
-481
-480
-480
-480
-480
-480
-479
-478
-478
-478
-478
-478
-478
-478
-478
-478
-480
-480
-483
-483
-487
-487
-493
-494
-501
-501
-509
-510
-510
-514
-514
-517
-519
-519
-519
-521
-521
-521
-521
-521
-521
-521
-521
-521
-521
-521
-521
-519
-519
-519
-519
-519
-516
-516
-517
-514
-514
-514
-514
-512
-512
-512
-512
-511
-510
-510
-510
-510
-510
-508
-508
-508
-508
-508
-508
-508
-508
-508
-508
-508
-508
-509
-510
-510
-510
-510
-512
-512
-512
-514
-515
-517
-517
-519
-521
-523
-524
-528
-529
-534
-536
-543
-544
-553
-555
-566
-568
-572
-573
-574
-575
-576
-576
-576
-576
-576
-576
-576
-577
-574
-575
-573
-573
-569
-569
-566
-564
-564
-562
-561
-560
-559
-557
-557
-557
-555
-555
-553
-553
-553
-551
-551
-551
-549
-549
-549
-547
-546
-546
-545
-544
-544
-544
-545
-542
-542
-542
-541
-540
-540
-540
-540
-538
-538
-538
-538
-538
-537
-536
-536
-536
-536
-536
-536
-536
-535
-534
-534
-534
-534
-534
-534
-534
-534
-534
-534
-534
-534
-534
-534
-534
-534
-534
-534
-534
-534
-534
-534
-534
-534
-534
-534
-534
-534
-534
-536
-536
-536
-536
-536
-536
-537
-538
-538
-538
-540
-540
-541
-542
-543
-545
-546
-549
-550
-555
-555
-564
-563
-570
-570
-570
-573
-573
-574
-574
-574
-574
-574
-574
-574
-574
-574
-574
-572
-572
-570
-570
-568
-568
-566
-566
-564
-564
-564
-562
-562
-562
-562
-561
-560
-560
-560
-560
-560
-560
-559
-559
-558
-557
-557
-557
-557
-557
-557
-557
-557
-557
-557
-557
-557
-557
-557
-557
-557
-557
-559
-559
-559
-560
-560
-560
-560
-560
-560
-560
-560
-560
-561
-561
-562
-562
-562
-562
-562
-562
-563
-564
-564
-564
-564
-564
-564
-565
-566
-566
-566
-566
-567
-568
-568
-568
-568
-569
-570
-570
-570
-570
-572
-572
-572
-572
-574
-574
-575
-575
-576
-576
-577
-579
-579
-581
-581
-581
-583
-583
-585
-585
-587
-587
-589
-591
-591
-593
-594
-597
-598
-601
-601
-604
-604
-610
-610
-615
-615
-619
-619
-627
-627
-634
-634
-643
-643
-654
-653
-655
-665
-666
-675
-675
-677
-677
-677
-677
-677
-677
-677
-677
-677
-677
-677
-677
-676
-673
-672
-668
-667
-661
-661
-655
-655
-649
-649
-642
-642
-636
-636
-630
-630
-626
-625
-624
-621
-620
-617
-615
-613
-613
-610
-609
-607
-607
-605
-604
-604
-604
-602
-602
-602
-602
-602
-602
-602
-602
-602
-602
-602
-602
-602
-602
-602
-602
-602
-602
-602
-602
-603
-603
-604
-604
-604
-604
-604
-605
-607
-606
-606
-607
-609
-609
-609
-611
-611
-611
-611
-613
-613
-615
-615
-617
-617
-619
-620
-621
-623
-624
-625
-628
-629
-632
-633
-634
-636
-637
-640
-640
-642
-643
-645
-645
-647
-647
-647
-649
-649
-649
-649
-649
-649
-649
-647
-647
-647
-645
-645
-644
-643
-640
-640
-636
-636
-630
-629
-623
-623
-619
-619
-617
-617
-617
-615
-615
-615
-613
-613
-613
-613
-611
-611
-611
-611
-611
-609
-609
-609
-609
-609
-609
-609
-607
-606
-606
-606
-606
-607
-606
-607
-607
-605
-604
-604
-604
-604
-604
-604
-604
-604
-604
-604
-604
-604
-604
-604
-604
-604
-604
-604
-604
-604
-604
-604
-604
-604
-604
-604
-604
-604
-604
-604
-604
-605
-607
-607
-606
-606
-606
-606
-606
-607
-609
-609
-609
-609
-609
-611
-611
-613
-613
-615
-617
-617
-620
-621
-623
-624
-627
-628
-632
-632
-636
-636
-639
-639
-643
-643
-645
-645
-647
-648
-649
-650
-651
-651
-651
-652
-653
-653
-653
-653
-653
-652
-651
-651
-651
-649
-649
-647
-646
-646
-641
-639
-638
-637
-636
-635
-634
-634
-632
-632
-631
-630
-630
-629
-628
-628
-628
-627
-627
-626
-625
-625
-625
-625
-624
-623
-623
-623
-623
-623
-623
-622
-621
-621
-621
-621
-621
-621
-621
-621
-621
-621
-621
-621
-621
-621
-619
-619
-619
-619
-619
-619
-619
-619
-619
-619
-619
-619
-619
-619
-619
-619
-620
-621
-621
-621
-621
-621
-621
-621
-621
-621
-622
-623
-623
-623
-625
-625
-627
-628
-631
-632
-635
-636
-641
-641
-646
-647
-650
-651
-653
-654
-655
-656
-657
-657
-657
-657
-657
-657
-657
-657
-657
-657
-656
-655
-655
-653
-653
-651
-650
-650
-645
-646
-640
-640
-634
-634
-630
-629
-626
-626
-623
-623
-621
-619
-619
-617
-617
-615
-615
-615
-613
-613
-613
-611
-611
-611
-611
-609
-609
-609
-609
-609
-609
-606
-606
-606
-606
-607
-607
-607
-605
-604
-604
-604
-604
-604
-604
-604
-604
-604
-603
-602
-602
-602
-602
-602
-602
-602
-602
-602
-602
-602
-602
-600
-600
-600
-600
-600
-600
-600
-600
-600
-600
-600
-600
-600
-600
-600
-600
-599
-599
-598
-598
-598
-598
-598
-598
-598
-598
-598
-598
-598
-598
-598
-598
-598
-598
-598
-598
-598
-598
-598
-598
-598
-598
-598
-598
-598
-597
-596
-596
-596
-596
-596
-596
-596
-596
-596
-596
-596
-596
-596
-596
-596
-596
-596
-596
-596
-596
-596
-596
-596
-596
-596
-596
-596
-596
-596
-596
-596
-596
-596
-596
-596
-596
-596
-596
-596
-596
-596
-595
-596
-596
-596
-596
-596
-596
-596
-596
-596
-596
-596
-596
-596
-596
-596
-596
-596
-596
-596
-596
-596
-596
-596
-596
-596
-596
-596
-596
-596
-596
-596
-596
-596
-596
-596
-596
-596
-596
-595
-594
-594
-594
-594
-594
-594
-595
-596
-596
-596
-596
-596
-595
-596
-596
-596
-596
-596
-596
-596
-596
-596
-596
-596
-597
-598
-598
-598
-598
-598
-598
-600
-600
-600
-600
-601
-602
-602
-602
-603
-604
-604
-604
-607
-606
-607
-609
-609
-611
-611
-611
-613
-613
-615
-616
-617
-619
-621
-621
-623
-623
-627
-627
-630
-631
-633
-634
-636
-637
-639
-641
-641
-644
-645
-645
-646
-647
-647
-647
-647
-649
-649
-649
-648
-647
-647
-647
-647
-645
-643
-643
-641
-640
-636
-634
-632
-628
-627
-622
-621
-615
-614
-609
-607
-603
-601
-598
-597
-591
-591
-587
-587
-583
-582
-579
-579
-577
-575
-574
-573
-571
-570
-569
-568
-568
-566
-566
-566
-565
-564
-564
-564
-564
-563
-562
-562
-562
-562
-562
-561
-560
-560
-560
-560
-560
-560
-560
-560
-560
-560
-560
-560
-560
-560
-561
-562
-562
-562
-562
-562
-562
-562
-562
-562
-562
-562
-562
-562
-562
-562
-564
-564
-564
-564
-565
-566
-566
-567
-568
-568
-571
-571
-573
-573
-575
-576
-579
-579
-581
-583
-585
-587
-587
-591
-596
-595
-596
-601
-601
-606
-606
-611
-611
-617
-616
-621
-621
-623
-623
-624
-625
-625
-625
-625
-625
-625
-625
-625
-623
-623
-619
-619
-612
-612
-606
-606
-600
-599
-595
-594
-595
-589
-591
-587
-585
-583
-583
-580
-579
-578
-577
-576
-577
-574
-575
-572
-572
-570
-570
-570
-570
-569
-568
-568
-568
-568
-568
-567
-566
-566
-566
-566
-566
-566
-566
-565
-564
-564
-564
-564
-564
-564
-564
-564
-563
-562
-562
-562
-562
-562
-562
-562
-562
-562
-562
-560
-560
-560
-560
-560
-560
-560
-560
-560
-560
-560
-559
-559
-557
-557
-557
-557
-557
-557
-557
-557
-557
-557
-557
-557
-557
-557
-555
-555
-555
-555
-555
-555
-555
-555
-555
-555
-555
-555
-555
-555
-555
-553
-553
-553
-553
-553
-553
-553
-553
-553
-553
-553
-553
-553
-553
-553
-551
-551
-551
-551
-551
-551
-551
-551
-551
-551
-551
-551
-551
-551
-551
-549
-549
-549
-549
-549
-549
-549
-549
-549
-549
-549
-549
-549
-549
-549
-549
-547
-546
-546
-546
-546
-546
-546
-546
-546
-546
-547
-547
-544
-544
-544
-544
-544
-544
-543
-542
-542
-542
-541
-540
-540
-540
-539
-538
-538
-537
-536
-536
-536
-534
-534
-534
-532
-532
-532
-530
-530
-530
-529
-528
-528
-527
-526
-526
-525
-523
-523
-523
-523
-521
-521
-521
-519
-519
-519
-517
-516
-516
-515
-514
-514
-514
-512
-512
-512
-510
-510
-510
-510
-508
-508
-508
-507
-506
-506
-506
-506
-504
-504
-504
-504
-502
-502
-502
-502
-502
-500
-500
-500
-500
-500
-500
-498
-498
-498
-498
-498
-498
-498
-498
-498
-498
-498
-498
-498
-498
-499
-500
-500
-502
-502
-505
-506
-509
-510
-514
-515
-520
-521
-526
-527
-528
-530
-530
-530
-532
-532
-532
-532
-532
-532
-532
-530
-530
-528
-527
-527
-523
-523
-516
-517
-510
-510
-504
-504
-500
-500
-494
-494
-489
-489
-485
-484
-481
-480
-478
-478
-474
-474
-472
-472
-470
-468
-468
-466
-464
-464
-463
-461
-460
-459
-458
-457
-456
-455
-454
-452
-452
-452
-450
-450
-448
-448
-446
-446
-446
-444
-444
-444
-442
-442
-442
-442
-440
-440
-440
-438
-438
-438
-436
-436
-436
-434
-434
-434
-432
-431
-431
-430
-429
-429
-427
-427
-427
-425
-425
-424
-423
-423
-422
-420
-420
-420
-418
-418
-416
-416
-416
-414
-414
-414
-412
-412
-412
-410
-410
-410
-408
-408
-406
-406
-406
-404
-403
-402
-401
-401
-399
-399
-399
-397
-397
-396
-395
-395
-393
-393
-393
-391
-391
-390
-389
-388
-387
-386
-386
-384
-384
-382
-382
-382
-380
-380
-380
-378
-378
-376
-376
-376
-374
-374
-372
-371
-371
-370
-369
-368
-367
-367
-365
-365
-364
-363
-363
-361
-361
-361
-359
-359
-357
-357
-357
-355
-355
-354
-352
-352
-350
-350
-350
-348
-348
-348
-346
-346
-344
-343
-344
-344
-341
-341
-341
-342
-339
-339
-339
-337
-337
-337
-336
-335
-335
-335
-333
-333
-333
-331
-331
-331
-329
-329
-329
-327
-327
-327
-325
-325
-324
-323
-323
-322
-321
-320
-318
-318
-316
-316
-316
-314
-314
-312
-312
-310
-309
-309
-307
-307
-305
-305
-303
-302
-301
-299
-299
-297
-297
-295
-295
-293
-293
-291
-291
-289
-288
-286
-286
-284
-282
-282
-279
-279
-277
-276
-273
-265
-259
-250
-244
-239
-234
-220
-200
-195
-180
-167
-159
-155
-140
-120
-112
-90
-77
-71
-62
-60
-55
-53
-49
-40
-33
-23
-10
0
