0
3
4
5
5
8
8
14
14
17
17
22
22
26
25
28
29
31
31
33
34
36
36
38
40
41
43
43
45
47
49
49
50
51
54
54
56
57
59
59
61
61
64
65
66
66
70
70
72
72
73
75
77
77
79
80
82
83
84
85
87
87
89
91
93
94
94
96
98
100
100
101
102
105
105
107
107
110
110
112
112
114
115
117
117
119
119
122
122
124
124
126
126
130
131
131
132
135
135
137
138
138
140
142
144
144
145
147
149
149
151
151
153
154
156
156
158
158
161
161
163
163
165
165
168
168
170
170
172
172
175
175
177
177
179
179
181
181
182
182
184
184
186
187
188
189
189
191
191
193
193
195
195
196
197
198
198
198
200
200
201
202
203
204
205
205
205
207
208
209
209
211
211
212
212
214
214
214
216
216
218
218
219
219
221
221
221
223
223
225
225
226
226
226
228
228
230
230
232
232
233
233
234
235
235
235
237
237
239
239
240
240
241
242
242
244
244
244
246
246
247
248
248
249
249
251
251
251
253
253
253
255
255
256
256
256
258
258
258
260
260
262
262
262
263
263
263
265
265
265
267
267
268
269
269
270
270
270
272
272
272
272
274
274
274
276
276
276
277
277
278
279
279
279
279
281
281
281
281
283
283
283
283
283
284
284
285
285
285
286
286
286
286
286
288
288
288
288
288
290
290
290
290
292
292
292
293
293
293
293
295
295
295
297
297
297
297
299
299
299
300
300
300
302
302
302
304
304
304
306
306
306
307
307
307
309
309
309
311
311
312
313
313
314
314
314
316
316
318
318
320
320
320
321
322
323
323
323
325
325
327
328
330
330
332
333
336
336
337
339
341
341
343
343
346
346
350
350
351
352
355
356
358
358
360
362
364
363
367
369
369
372
373
374
376
378
379
381
381
385
386
388
389
392
392
390
390
387
387
383
383
380
380
376
376
374
373
371
371
367
367
366
365
362
362
360
360
358
358
357
357
357
355
355
355
353
353
353
353
353
353
353
353
353
353
353
353
353
353
353
353
355
355
355
356
357
357
358
358
360
362
362
364
365
366
367
369
369
371
372
373
374
374
376
376
377
378
379
379
380
381
381
381
383
383
385
385
387
387
388
388
388
388
390
390
392
392
392
394
394
395
395
395
397
397
397
399
399
399
400
401
401
402
402
402
402
404
404
404
406
406
406
408
408
408
409
410
410
411
411
411
411
413
413
413
414
415
415
415
416
417
417
417
418
418
418
418
420
420
420
422
422
422
422
423
424
424
424
425
425
425
425
425
427
427
427
429
429
429
429
430
431
431
431
431
432
432
432
432
432
434
434
434
434
436
436
436
436
436
437
438
438
438
438
439
439
439
439
439
439
441
441
441
441
441
441
441
441
443
443
443
443
443
445
445
446
446
446
448
448
450
451
453
453
455
456
461
460
464
465
471
476
478
483
485
490
492
492
490
490
489
487
487
485
483
482
482
480
480
476
476
475
475
473
473
471
469
469
468
466
466
464
464
462
462
462
461
459
459
458
457
457
455
455
455
454
453
452
452
452
451
450
450
450
448
448
448
448
448
446
446
446
446
446
446
446
446
446
446
446
446
446
446
446
446
446
446
446
446
446
446
446
446
448
448
448
448
448
448
448
450
450
450
450
450
452
452
452
452
452
453
454
454
455
455
455
455
457
457
457
458
459
459
459
460
461
461
461
462
462
462
462
464
464
464
464
465
466
466
466
467
468
468
468
469
469
469
469
471
471
471
473
473
473
474
475
475
476
476
476
476
478
478
479
480
480
482
482
482
483
483
483
485
485
485
487
487
489
489
489
490
490
490
492
492
492
494
494
494
496
496
496
497
498
498
499
499
499
499
501
501
501
503
503
503
503
504
505
505
505
506
506
506
506
508
508
508
508
509
510
510
510
510
511
512
512
512
512
513
513
513
513
513
513
513
515
515
515
515
515
517
517
517
517
518
519
519
519
520
520
520
520
520
522
522
522
524
524
524
525
526
526
526
527
527
527
527
529
529
531
531
531
531
533
533
534
534
534
534
536
536
538
538
538
539
540
540
541
541
542
543
543
543
545
545
545
547
547
548
549
549
550
550
550
552
552
554
554
555
555
556
557
557
557
559
559
561
561
562
563
563
564
564
566
566
566
568
568
569
570
571
571
571
573
573
575
575
577
577
578
578
578
580
580
582
582
583
584
585
586
586
587
587
392
392
364
364
350
350
339
339
332
332
327
325
321
320
316
316
313
313
309
309
307
306
304
304
302
302
300
300
300
299
299
299
298
297
297
297
297
297
297
297
297
297
298
299
299
299
299
299
300
300
300
300
300
300
302
302
302
302
304
304
304
305
306
306
306
307
307
307
309
309
309
309
311
311
311
312
313
313
314
314
314
316
316
316
316
318
318
319
320
320
321
321
322
323
323
323
325
325
325
327
327
327
328
329
329
330
330
330
332
332
332
334
334
335
335
336
337
337
337
339
339
339
341
341
341
343
343
344
344
344
346
346
346
348
348
348
350
350
351
351
351
353
353
353
355
355
355
357
357
358
358
358
360
360
360
362
362
363
364
364
365
365
366
367
367
367
369
369
371
371
371
372
373
374
374
374
376
376
376
378
378
378
379
380
381
381
381
383
383
383
385
385
385
387
387
388
388
388
390
390
390
392
392
393
394
394
395
395
395
397
397
399
399
399
401
401
401
402
402
402
404
404
406
406
406
408
408
408
410
410
411
411
411
413
413
413
415
415
416
416
417
418
418
418
420
420
420
422
422
423
424
424
425
425
425
427
427
427
429
429
429
431
431
432
432
432
432
434
434
436
436
436
437
438
438
439
439
439
441
441
441
443
443
443
444
445
445
446
446
446
448
448
448
450
450
450
451
452
452
452
453
454
454
455
455
455
457
457
457
458
459
459
459
460
461
461
462
462
462
462
464
464
464
464
466
466
466
467
468
468
468
469
469
469
469
471
471
471
473
473
473
473
474
475
475
475
476
476
476
476
476
478
478
478
478
480
480
480
480
482
482
482
482
482
483
483
483
483
483
485
485
485
485
485
487
487
487
487
488
489
489
489
489
490
490
490
490
490
490
492
492
492
492
492
494
494
494
494
494
494
496
496
496
496
496
497
497
497
498
498
498
499
499
499
499
499
499
501
501
501
501
501
503
503
503
503
503
504
504
505
505
505
506
506
506
506
506
506
508
508
508
508
508
510
510
510
510
510
511
512
512
512
513
513
513
513
513
513
515
515
515
515
517
517
517
517
518
519
519
519
519
520
520
520
520
520
522
522
522
522
524
524
524
524
526
526
526
526
527
527
527
527
527
529
529
529
531
531
531
531
532
533
533
533
534
534
534
536
536
536
536
538
538
538
538
540
540
540
541
542
542
542
543
543
543
545
545
545
547
547
547
548
549
549
550
550
550
552
552
553
554
554
556
556
557
557
557
559
559
559
561
561
563
563
564
564
566
566
568
568
570
570
571
571
573
573
575
575
577
578
580
580
582
582
584
585
586
587
589
590
591
592
594
594
596
598
599
601
601
603
605
607
608
610
610
614
614
615
616
619
619
622
622
626
626
629
630
631
632
635
635
640
641
649
649
658
658
668
668
677
677
687
686
696
696
704
706
712
718
719
725
726
730
732
735
737
740
741
745
746
749
749
752
753
754
755
756
756
758
758
755
754
748
747
740
740
732
732
721
721
711
709
696
696
682
681
665
665
586
556
557
537
538
522
522
508
508
496
496
485
485
475
475
466
466
457
457
450
450
443
443
436
436
429
428
422
422
417
417
411
410
406
404
401
399
395
395
390
387
387
383
383
378
378
374
374
371
371
367
367
367
366
365
364
364
364
364
364
364
364
364
365
366
366
367
367
369
369
374
374
379
379
385
385
390
391
397
398
402
407
408
411
413
416
417
418
420
420
420
417
417
413
413
410
410
404
404
400
400
395
394
388
388
383
383
377
376
371
369
364
364
357
357
351
350
344
343
337
336
330
324
325
318
318
312
312
307
307
302
302
300
300
297
297
293
293
290
290
286
286
281
281
278
277
272
272
268
267
263
263
258
258
253
253
248
247
242
242
237
234
233
229
228
225
225
220
219
218
218
214
214
212
212
210
210
209
209
207
207
207
207
207
207
205
205
205
207
207
207
207
207
208
209
209
210
211
212
212
214
214
217
218
221
221
225
226
230
232
235
237
242
242
249
251
258
258
265
266
276
276
285
285
295
295
306
306
318
318
329
329
341
341
355
354
367
368
381
382
394
408
408
420
422
434
436
448
449
461
462
475
475
487
487
498
498
508
508
517
517
526
527
524
524
517
517
510
510
503
501
494
494
486
485
478
476
469
469
462
461
454
447
446
438
438
431
431
423
424
417
417
410
410
403
404
397
397
391
390
386
386
380
380
376
374
370
369
366
366
360
360
357
357
353
351
348
348
344
344
342
341
339
337
336
333
332
332
330
328
327
326
325
323
323
321
321
320
320
318
318
316
316
314
314
314
313
313
311
311
311
310
309
309
309
309
307
307
307
307
307
307
307
307
307
307
306
306
306
306
306
307
307
307
307
307
307
307
307
307
307
307
307
309
309
309
309
309
309
311
311
311
311
312
313
313
313
314
314
314
316
316
316
316
318
318
319
320
320
321
322
323
323
323
325
325
326
327
328
329
329
330
330
332
332
334
335
336
337
337
339
339
340
342
342
344
344
346
348
348
350
351
351
353
355
355
357
358
360
360
362
362
365
366
367
367
370
371
373
373
376
376
378
378
381
381
383
383
387
387
390
390
393
392
395
396
399
400
402
402
404
406
408
410
411
413
414
417
417
420
420
424
424
427
427
429
430
432
432
436
436
439
439
441
442
445
445
448
448
450
450
454
453
455
457
458
459
457
455
455
454
452
452
450
450
447
446
445
443
441
439
439
437
436
434
434
431
431
429
429
425
425
423
423
420
420
418
418
415
415
413
413
411
410
408
408
406
406
404
402
401
401
399
399
397
395
395
394
392
392
390
390
388
388
387
385
385
383
383
381
381
380
380
378
378
376
376
374
374
374
373
372
371
371
370
369
369
367
367
367
366
365
365
364
364
363
362
362
362
360
360
360
358
358
358
358
357
357
357
357
355
355
355
355
353
353
353
353
353
353
351
351
351
351
351
351
351
350
350
350
350
350
350
350
350
350
350
350
350
349
348
348
348
348
348
348
348
348
348
348
348
348
348
349
350
350
350
350
350
350
350
350
350
350
350
350
350
351
351
351
351
351
351
351
351
351
353
353
353
353
353
353
355
355
355
355
355
356
357
357
357
358
358
358
358
358
360
360
360
362
362
362
364
364
364
365
366
366
367
367
367
369
369
371
371
372
373
373
374
374
376
376
378
379
379
381
381
383
383
385
385
387
387
390
390
392
392
394
394
397
397
399
400
402
403
406
406
408
408
411
412
416
415
418
419
424
425
427
431
432
436
436
439
441
446
446
452
452
457
457
464
464
469
470
478
478
485
485
492
493
501
502
510
510
520
521
529
529
540
539
548
547
556
556
563
563
566
570
571
573
573
573
571
571
570
566
566
563
563
556
556
545
545
526
526
484
483
452
452
434
434
420
420
410
410
401
401
394
394
387
387
381
381
376
376
371
371
367
354
353
338
339
329
329
323
323
318
318
313
313
309
309
306
306
302
302
300
300
297
297
295
295
293
293
292
292
290
290
288
288
286
286
285
284
283
283
281
281
279
279
278
277
277
276
276
275
274
274
272
272
272
270
270
269
269
268
267
267
265
265
265
263
263
263
262
262
261
260
260
258
258
256
256
256
256
255
255
253
253
252
251
251
249
249
249
248
247
247
246
246
245
244
244
244
242
242
242
242
241
241
240
239
239
239
239
237
237
237
237
237
235
235
235
235
235
235
234
233
233
233
233
233
233
232
232
232
232
232
232
232
232
231
230
230
230
230
230
230
230
230
230
230
230
230
230
230
230
230
230
230
230
230
230
230
230
230
230
230
230
230
230
230
230
230
230
230
230
230
230
230
230
230
230
230
230
230
230
230
230
230
231
232
232
232
232
232
232
232
232
232
232
233
233
233
233
233
233
233
234
234
235
235
235
235
235
235
235
237
237
237
237
237
237
237
239
239
239
239
239
239
240
241
241
241
241
242
242
242
242
242
242
244
244
244
244
245
246
246
246
246
247
248
248
248
249
249
249
249
251
251
251
251
253
253
253
253
254
255
255
255
256
256
256
256
258
258
258
260
260
260
262
262
262
263
263
263
265
265
265
267
267
268
269
269
270
270
270
272
272
274
274
276
276
277
277
279
279
281
281
283
283
284
284
286
286
288
288
290
291
292
293
293
295
297
297
299
300
300
304
304
306
307
309
309
312
313
314
316
318
319
322
323
327
327
330
330
335
336
339
339
344
345
350
351
357
357
364
360
346
346
336
336
325
325
316
316
309
307
302
300
295
290
290
285
285
280
279
276
276
272
272
267
267
265
265
262
262
258
258
256
256
254
254
251
251
249
249
248
248
247
246
246
244
244
244
242
242
242
241
241
241
240
239
239
239
239
237
237
235
235
235
234
233
233
232
232
232
231
230
230
230
228
228
228
228
226
226
226
226
225
225
225
225
224
223
223
223
223
221
221
221
221
221
219
219
219
219
219
218
218
218
218
218
217
216
216
216
216
216
215
214
214
214
214
214
212
212
212
212
212
212
211
211
211
211
211
211
210
209
209
209
209
209
209
207
207
207
207
207
207
207
205
205
205
205
205
205
205
204
204
204
204
204
204
203
203
202
202
202
202
202
202
202
201
200
200
200
200
200
200
200
200
198
198
198
198
198
198
198
198
198
198
197
197
197
197
197
197
197
196
196
196
195
195
195
195
195
195
195
195
195
195
193
193
193
193
193
193
193
193
193
193
193
193
193
193
193
191
191
191
191
191
191
191
191
191
191
191
191
191
191
191
191
191
191
191
191
191
191
191
191
191
191
191
191
191
191
191
191
191
191
191
191
191
191
191
191
191
191
191
191
191
191
191
193
193
193
193
193
193
193
193
195
195
195
195
195
196
196
197
197
198
198
198
198
200
200
201
202
202
203
204
205
205
207
207
209
209
211
211
212
212
214
216
218
218
221
221
223
223
228
228
232
232
235
236
242
242
247
247
253
253
241
241
220
219
211
210
204
204
198
198
195
192
191
191
189
187
186
186
184
184
182
181
181
178
177
177
175
175
174
172
172
170
170
168
168
168
167
166
165
163
163
163
161
161
160
160
159
158
158
156
156
154
154
154
153
153
152
151
151
149
149
149
147
147
147
145
145
144
144
144
142
142
142
140
140
140
138
138
138
137
137
137
135
135
135
135
133
133
131
131
131
131
130
130
130
129
128
128
128
126
126
126
126
124
124
124
124
123
123
123
122
121
121
121
121
119
119
119
119
117
117
117
117
117
116
116
116
116
115
114
114
114
114
113
112
112
112
112
112
110
110
110
110
110
109
109
109
109
108
108
107
107
107
107
107
107
106
105
105
105
105
105
105
103
103
103
103
103
103
103
103
102
101
101
101
101
101
101
101
100
100
100
100
100
100
100
100
100
100
98
98
98
98
98
98
98
98
98
98
98
98
98
96
96
96
96
96
96
96
96
96
96
96
96
96
96
96
96
96
96
96
96
96
96
96
94
94
94
94
94
94
94
94
94
94
94
94
94
94
94
94
94
94
94
94
94
94
96
96
96
96
96
96
96
96
96
96
96
96
96
96
96
96
96
98
98
98
98
98
98
98
98
99
100
100
100
100
100
100
101
101
101
101
102
103
103
103
103
105
105
105
106
107
107
108
109
109
109
110
110
112
112
114
114
115
115
117
117
117
119
121
121
123
123
126
126
128
128
131
131
135
135
138
139
142
143
147
142
133
133
128
126
123
121
117
115
115
114
112
110
109
108
107
105
105
103
103
101
100
99
98
98
96
96
96
94
94
93
93
92
91
91
91
89
89
87
87
87
87
86
86
86
85
84
84
84
84
82
82
82
82
80
80
80
80
80
80
79
79
79
79
79
78
77
77
77
77
77
77
77
75
75
75
75
75
75
75
75
75
73
73
73
73
73
73
73
73
73
73
72
72
72
72
72
72
72
72
72
71
71
70
70
70
70
70
70
70
70
70
70
68
68
68
68
68
68
68
68
68
68
68
66
66
66
66
66
66
66
66
66
66
66
66
66
65
65
65
65
65
65
65
65
65
65
65
65
64
63
63
63
63
63
63
63
63
63
63
63
63
63
62
61
61
61
61
61
61
61
61
61
61
61
61
61
59
59
59
59
59
59
59
59
59
59
59
59
59
59
59
59
58
58
58
57
57
57
57
57
57
57
57
57
57
57
57
57
56
56
56
56
56
56
56
56
56
56
56
56
56
56
56
56
55
54
54
54
54
54
54
54
54
54
54
54
54
54
54
54
54
54
54
52
52
52
52
52
52
52
52
52
52
52
52
52
52
52
52
52
52
52
50
50
50
50
50
50
50
50
50
50
50
50
50
50
50
50
50
50
50
50
50
50
49
49
49
49
49
49
49
49
49
49
49
49
49
49
49
49
49
49
49
49
49
47
47
47
47
47
47
47
47
47
47
47
47
47
47
47
47
47
47
47
47
47
47
47
47
45
45
45
45
45
45
45
45
45
45
45
45
45
45
45
45
45
45
45
45
45
45
45
45
45
45
43
43
43
43
43
43
43
43
43
43
43
43
43
43
43
43
43
43
43
43
43
43
43
43
43
43
43
43
43
43
42
42
42
42
42
42
42
42
42
42
42
42
42
42
42
42
42
42
42
42
42
42
42
42
42
42
42
42
42
42
42
41
40
40
40
40
40
40
40
40
40
40
40
40
40
40
40
40
40
40
40
40
40
40
40
40
40
40
40
40
40
40
40
40
40
40
40
38
38
38
38
38
38
38
38
38
38
38
38
38
38
38
38
38
38
38
38
38
38
38
38
38
38
38
38
38
38
38
38
38
38
38
38
38
38
38
38
38
38
36
36
36
36
36
36
36
36
36
36
36
36
36
36
36
36
36
36
36
36
36
36
36
36
36
36
36
36
36
36
36
36
36
36
36
38
38
38
38
38
38
38
40
40
40
40
40
40
41
42
42
42
42
43
43
43
43
45
45
45
45
47
47
47
49
49
49
50
50
50
52
52
52
54
54
56
56
57
58
59
59
61
61
63
63
65
66
68
68
70
70
73
73
77
75
73
73
72
72
70
70
68
68
66
66
65
65
63
63
61
61
59
59
58
57
56
56
54
54
54
52
52
52
50
50
50
49
49
48
47
47
47
45
45
45
43
43
43
43
43
42
42
42
42
41
40
40
40
40
40
40
38
38
38
38
38
38
38
38
36
36
36
36
36
36
36
36
36
36
36
36
36
36
36
36
36
36
35
35
35
35
35
35
35
35
35
35
35
35
35
35
35
35
35
35
35
35
35
35
34
33
33
33
33
33
33
33
33
33
33
33
33
33
33
33
33
33
33
33
33
33
31
31
31
31
31
31
31
31
31
31
31
31
31
31
31
31
31
31
31
31
31
29
29
29
29
29
29
29
29
29
29
29
29
29
29
29
29
29
29
29
29
28
28
28
28
28
28
28
28
28
28
28
28
28
28
28
28
27
26
26
26
26
26
26
26
26
26
26
26
26
26
26
26
26
24
24
24
24
24
24
24
24
24
24
24
24
24
24
22
22
22
22
22
22
22
22
22
22
21
21
21
21
21
21
21
21
20
20
19
19
19
19
19
19
19
19
19
19
18
17
17
17
17
17
17
17
17
17
17
15
15
15
15
15
15
15
15
15
15
15
15
14
14
13
13
13
13
13
13
13
13
13
12
12
12
12
12
12
12
12
12
12
11
10
10
10
10
10
10
10
10
10
10
10
8
8
8
8
8
8
8
8
8
8
8
6
6
6
6
6
6
6
6
6
6
6
5
5
5
5
5
5
5
5
5
5
4
3
3
3
3
3
3
3
3
3
3
3
1
1
1
1
1
1
1
1
0
0
-1
-1
-1
-1
-1
-1
-1
-1
-1
-1
-1
-1
-2
-2
-2
-2
-2
-2
-2
-2
-2
-2
-2
-3
-4
-4
-4
-4
-4
-4
-4
-4
-4
-4
-6
-6
-6
-6
-6
-6
-6
-6
-6
-6
-8
-8
-8
-8
-8
-8
-8
-8
-8
-8
-8
-8
-9
-9
-9
-9
-9
-9
-9
-9
-9
-10
-10
-11
-11
-11
-11
-11
-11
-11
-11
-11
-11
-13
-13
-13
-13
-13
-13
-13
-13
-13
-13
-13
-15
-15
-15
-15
-15
-15
-15
-15
-15
-15
-15
-16
-16
-16
-16
-16
-16
-16
-16
-16
-17
-17
-18
-18
-18
-18
-18
-18
-18
-18
-18
-19
-20
-20
-20
-20
-20
-20
-20
-22
-22
-22
-22
-22
-22
-22
-22
-22
-23
-23
-23
-23
-23
-23
-23
-23
-24
-25
-25
-25
-25
-25
-25
-25
-25
-27
-27
-27
-27
-27
-27
-27
-27
-29
-29
-29
-29
-29
-29
-29
-29
-29
-30
-30
-31
-31
-31
-31
-31
-31
-31
-32
-32
-32
-32
-32
-32
-32
-33
-34
-34
-34
-34
-34
-34
-34
-34
-34
-36
-36
-36
-36
-36
-36
-36
-36
-38
-38
-38
-38
-38
-38
-38
-38
-38
-39
-39
-39
-39
-39
-39
-39
-39
-40
-41
-41
-41
-41
-41
-41
-41
-41
-43
-43
-43
-43
-43
-43
-43
-43
-45
-45
-45
-45
-45
-45
-45
-45
-45
-45
-46
-46
-46
-46
-46
-46
-46
-46
-47
-48
-48
-48
-48
-48
-48
-48
-48
-48
-50
-50
-50
-50
-50
-50
-50
-50
-50
-52
-52
-52
-52
-52
-52
-52
-52
-52
-53
-53
-53
-53
-53
-53
-53
-53
-54
-55
-55
-55
-55
-55
-55
-55
-55
-55
-55
-57
-57
-57
-57
-57
-57
-57
-57
-57
-59
-59
-59
-59
-59
-59
-59
-59
-59
-59
-59
-60
-60
-60
-60
-60
-60
-60
-60
-60
-60
-61
-62
-62
-62
-62
-62
-62
-62
-62
-62
-62
-62
-62
-62
-64
-64
-64
-64
-64
-64
-64
-64
-64
-64
-64
-64
-64
-64
-64
-64
-64
-64
-64
-64
-64
-64
-64
-64
-64
-66
-66
-66
-66
-66
-66
-66
-66
-66
-66
-66
-66
-66
-66
-66
-66
-66
-66
-66
-66
-66
-66
-66
-66
-67
-67
-67
-67
-67
-67
-67
-67
-67
-67
-67
-67
-67
-67
-67
-67
-67
-67
-67
-67
-68
-68
-69
-69
-69
-69
-69
-69
-69
-69
-69
-69
-69
-69
-69
-69
-69
-69
-69
-69
-69
-71
-71
-71
-71
-71
-71
-71
-71
-71
-71
-71
-71
-71
-71
-71
-71
-71
-71
-73
-73
-73
-73
-73
-73
-73
-73
-73
-73
-73
-73
-73
-73
-73
-73
-74
-74
-74
-75
-75
-75
-75
-75
-75
-75
-75
-75
-75
-75
-76
-76
-76
-76
-76
-76
-76
-76
-76
-76
-76
-76
-77
-78
-78
-78
-78
-78
-78
-78
-78
-78
-78
-78
-80
-80
-80
-80
-80
-80
-80
-80
-80
-82
-82
-82
-82
-82
-82
-82
-82
-83
-83
-83
-83
-83
-83
-83
-85
-85
-85
-85
-85
-87
-87
-87
-87
-89
-89
-89
-90
-90
-90
-92
-92
-92
-94
-94
-94
-96
-96
-97
-97
-99
-99
-101
-101
-101
-103
-103
-105
-105
-106
-106
-110
-110
-110
-111
-112
-113
-115
-115
-117
-117
-127
-127
-129
-130
-131
-131
-133
-133
-133
-133
-133
-133
-133
-133
-133
-133
-133
-133
-133
-131
-129
-117
-117
-117
-115
-115
-114
-113
-113
-112
-112
-111
-111
-110
-110
-110
-108
-108
-108
-106
-106
-106
-105
-104
-104
-104
-103
-103
-103
-101
-101
-101
-101
-101
-99
-99
-99
-99
-99
-98
-97
-97
-97
-97
-97
-96
-96
-96
-96
-96
-96
-96
-96
-94
-94
-94
-94
-94
-94
-94
-94
-92
-92
-92
-92
-92
-92
-92
-92
-92
-91
-91
-90
-90
-90
-90
-90
-90
-90
-90
-90
-90
-89
-89
-89
-89
-89
-89
-89
-89
-89
-89
-89
-89
-89
-89
-89
-89
-87
-87
-87
-87
-87
-87
-87
-87
-87
-87
-87
-87
-87
-87
-87
-87
-87
-87
-85
-85
-85
-85
-85
-85
-85
-85
-85
-85
-85
-85
-85
-85
-85
-85
-85
-85
-85
-85
-85
-85
-85
-85
-85
-85
-85
-83
-83
-83
-83
-83
-83
-83
-83
-83
-83
-83
-83
-83
-83
-83
-83
-83
-83
-83
-83
-83
-83
-83
-83
-83
-83
-83
-83
-83
-83
-83
-83
-83
-83
-83
-83
-83
-83
-83
-83
-83
-83
-83
-83
-83
-83
-83
-83
-83
-83
-83
-83
-83
-83
-83
-83
-83
-83
-83
-83
-83
-83
-83
-83
-83
-83
-83
-83
-83
-83
-83
-83
-83
-83
-83
-83
-83
-83
-83
-83
-83
-83
-83
-83
-83
-83
-83
-83
-83
-83
-83
-83
-83
-83
-83
-84
-85
-85
-85
-85
-85
-85
-85
-85
-85
-85
-85
-85
-85
-85
-85
-85
-85
-85
-85
-85
-85
-85
-85
-85
-85
-85
-85
-85
-87
-87
-87
-87
-87
-87
-87
-87
-87
-87
-87
-87
-87
-87
-87
-87
-87
-87
-87
-87
-89
-89
-89
-89
-89
-89
-89
-89
-89
-89
-89
-89
-89
-89
-89
-89
-90
-90
-90
-90
-90
-90
-90
-90
-90
-90
-90
-90
-90
-91
-92
-92
-92
-92
-92
-92
-92
-92
-92
-92
-92
-92
-94
-94
-94
-94
-94
-94
-94
-94
-94
-94
-96
-96
-96
-96
-96
-96
-96
-96
-96
-96
-97
-97
-97
-97
-97
-97
-97
-97
-98
-99
-99
-99
-99
-99
-99
-99
-99
-101
-101
-101
-101
-101
-101
-101
-101
-103
-103
-103
-103
-103
-103
-103
-104
-104
-104
-104
-104
-105
-105
-106
-106
-106
-106
-106
-108
-108
-108
-108
-108
-108
-110
-110
-110
-110
-110
-110
-111
-111
-111
-111
-112
-113
-113
-113
-113
-114
-115
-115
-115
-115
-117
-117
-117
-117
-117
-118
-119
-119
-119
-120
-120
-120
-121
-122
-122
-122
-124
-124
-124
-124
-126
-126
-126
-127
-127
-127
-129
-129
-129
-130
-131
-131
-133
-133
-133
-134
-134
-136
-136
-136
-138
-138
-140
-140
-140
-141
-142
-143
-144
-145
-147
-147
-147
-150
-150
-152
-152
-154
-155
-157
-157
-159
-163
-164
-168
-168
-174
-173
-185
-185
-197
-198
-208
-208
-213
-214
-217
-217
-217
-217
-219
-219
-219
-219
-219
-219
-217
-217
-217
-216
-215
-215
-212
-212
-210
-209
-205
-205
-201
-201
-198
-194
-192
-189
-189
-186
-185
-184
-182
-182
-182
-182
-180
-180
-180
-180
-180
-179
-178
-178
-178
-178
-178
-178
-178
-178
-177
-177
-177
-177
-177
-177
-177
-177
-177
-177
-177
-177
-177
-177
-177
-177
-177
-177
-177
-177
-177
-177
-177
-177
-178
-178
-178
-178
-178
-178
-178
-179
-180
-180
-180
-180
-180
-182
-182
-182
-182
-182
-184
-184
-184
-185
-185
-185
-187
-187
-189
-189
-191
-191
-193
-194
-196
-198
-199
-202
-202
-206
-206
-210
-210
-215
-215
-220
-221
-226
-226
-231
-231
-235
-235
-238
-238
-240
-240
-242
-242
-242
-242
-242
-242
-242
-242
-242
-240
-240
-238
-238
-237
-235
-235
-233
-229
-229
-226
-226
-223
-222
-221
-219
-217
-217
-215
-215
-214
-212
-212
-210
-208
-208
-207
-207
-205
-205
-203
-203
-203
-201
-201
-201
-199
-199
-199
-198
-198
-198
-198
-198
-198
-198
-198
-196
-196
-196
-196
-196
-196
-198
-198
-198
-198
-198
-198
-198
-198
-198
-198
-198
-198
-199
-199
-199
-199
-199
-200
-200
-201
-201
-201
-201
-201
-203
-203
-203
-203
-203
-203
-205
-205
-205
-205
-205
-207
-207
-207
-207
-207
-208
-208
-208
-209
-210
-210
-210
-210
-212
-212
-212
-212
-214
-214
-214
-214
-214
-215
-215
-215
-217
-217
-217
-217
-219
-219
-219
-219
-221
-221
-221
-221
-221
-222
-222
-222
-223
-224
-224
-224
-226
-226
-226
-226
-228
-228
-228
-228
-229
-229
-229
-229
-231
-231
-231
-231
-233
-233
-233
-233
-235
-235
-235
-235
-236
-236
-236
-237
-238
-238
-238
-238
-239
-240
-240
-240
-240
-242
-242
-242
-242
-242
-243
-243
-243
-244
-245
-245
-245
-245
-245
-247
-247
-247
-249
-249
-249
-251
-251
-252
-252
-254
-254
-256
-256
-259
-259
-262
-263
-266
-266
-314
-316
-316
-316
-316
-316
-316
-316
-316
-316
-314
-311
-310
-306
-305
-302
-302
-298
-298
-295
-294
-291
-291
-287
-287
-284
-284
-282
-282
-279
-279
-277
-277
-273
-272
-272
-270
-270
-268
-267
-266
-265
-265
-263
-263
-261
-261
-259
-259
-258
-258
-258
-256
-256
-254
-254
-254
-254
-253
-252
-252
-252
-252
-252
-251
-251
-251
-251
-251
-251
-251
-251
-251
-251
-251
-251
-251
-251
-251
-251
-251
-251
-251
-251
-251
-251
-251
-251
-252
-252
-252
-252
-252
-252
-252
-252
-252
-253
-254
-254
-254
-254
-254
-254
-254
-256
-256
-256
-256
-256
-256
-258
-258
-258
-258
-258
-258
-259
-259
-259
-259
-261
-261
-261
-261
-263
-263
-263
-263
-263
-265
-265
-265
-265
-266
-266
-266
-268
-268
-268
-269
-270
-270
-270
-272
-272
-272
-273
-273
-273
-275
-275
-275
-277
-277
-277
-279
-279
-280
-280
-281
-282
-282
-284
-284
-284
-286
-286
-287
-288
-289
-289
-291
-291
-293
-293
-295
-295
-296
-297
-298
-300
-300
-302
-302
-304
-305
-307
-307
-309
-310
-312
-312
-316
-316
-317
-318
-321
-321
-324
-325
-330
-330
-333
-333
-338
-339
-342
-344
-347
-353
-353
-358
-358
-364
-365
-370
-370
-377
-377
-384
-384
-391
-391
-399
-400
-407
-407
-416
-416
-425
-425
-435
-435
-446
-446
-456
-456
-469
-470
-485
-485
-495
-495
-495
-495
-497
-497
-496
-495
-495
-493
-493
-485
-485
-479
-479
-474
-474
-469
-469
-463
-463
-458
-458
-455
-453
-449
-449
-444
-444
-441
-440
-435
-435
-432
-432
-427
-426
-423
-423
-418
-418
-414
-414
-411
-409
-405
-404
-402
-398
-398
-395
-395
-391
-391
-386
-386
-383
-383
-379
-379
-376
-375
-372
-372
-369
-369
-367
-366
-363
-363
-360
-360
-356
-356
-354
-354
-351
-351
-349
-348
-346
-346
-344
-342
-342
-340
-340
-339
-337
-337
-337
-335
-335
-335
-335
-335
-335
-335
-335
-334
-333
-333
-333
-333
-333
-333
-333
-333
-333
-333
-333
-333
-333
-333
-333
-333
-333
-333
-333
-333
-333
-333
-333
-333
-333
-333
-333
-333
-333
-333
-333
-333
-333
-335
-335
-335
-335
-335
-335
-335
-337
-337
-337
-337
-337
-339
-339
-339
-339
-339
-340
-340
-341
-342
-342
-342
-344
-344
-346
-346
-346
-346
-347
-347
-349
-349
-351
-351
-353
-353
-354
-355
-356
-358
-358
-360
-361
-362
-363
-366
-367
-368
-368
-372
-372
-375
-375
-379
-379
-382
-383
-386
-386
-391
-391
-397
-397
-402
-402
-409
-409
-414
-414
-416
-416
-416
-416
-416
-416
-415
-413
-412
-411
-411
-407
-407
-404
-404
-400
-400
-397
-397
-395
-395
-391
-391
-388
-388
-386
-385
-383
-382
-379
-379
-377
-377
-374
-374
-372
-371
-368
-367
-367
-365
-363
-362
-361
-360
-358
-356
-356
-354
-353
-351
-351
-349
-349
-347
-346
-346
-344
-342
-342
-340
-340
-339
-339
-337
-337
-337
-335
-335
-335
-333
-333
-333
-332
-331
-331
-331
-330
-330
-330
-330
-330
-330
-328
-328
-328
-328
-328
-328
-326
-326
-326
-326
-326
-326
-326
-325
-325
-324
-324
-324
-324
-324
-324
-324
-324
-324
-324
-324
-323
-323
-323
-323
-323
-323
-323
-323
-323
-323
-323
-323
-323
-323
-323
-323
-323
-323
-323
-323
-323
-323
-323
-323
-323
-323
-323
-323
-323
-323
-323
-323
-323
-323
-323
-323
-323
-323
-323
-323
-323
-323
-323
-323
-323
-324
-324
-324
-324
-324
-324
-324
-324
-324
-324
-325
-326
-326
-326
-326
-326
-326
-328
-328
-328
-330
-330
-330
-330
-331
-332
-332
-333
-333
-335
-335
-335
-337
-337
-339
-339
-339
-340
-340
-342
-342
-344
-344
-346
-346
-346
-347
-348
-349
-349
-351
-351
-353
-353
-353
-354
-355
-356
-357
-358
-360
-360
-360
-361
-363
-363
-365
-365
-367
-367
-368
-368
-370
-371
-372
-372
-374
-374
-377
-377
-378
-379
-381
-381
-383
-383
-384
-385
-386
-388
-390
-390
-391
-391
-393
-395
-395
-397
-398
-401
-402
-405
-405
-410
-409
-414
-414
-420
-419
-425
-426
-432
-432
-437
-437
-444
-444
-451
-451
-458
-458
-465
-465
-472
-474
-480
-481
-488
-488
-495
-497
-504
-504
-512
-517
-520
-527
-529
-537
-536
-545
-544
-553
-553
-562
-562
-571
-571
-579
-580
-588
-588
-597
-597
-606
-606
-613
-613
-622
-622
-631
-631
-638
-639
-646
-647
-654
-655
-662
-662
-669
-669
-675
-676
-682
-686
-687
-690
-689
-691
-692
-692
-692
-692
-692
-692
-692
-692
-692
-691
-691
-687
-687
-678
-678
-669
-669
-661
-660
-652
-652
-643
-643
-634
-634
-624
-623
-615
-614
-604
-605
-595
-594
-585
-576
-575
-567
-565
-557
-555
-546
-546
-536
-536
-527
-526
-516
-516
-506
-506
-496
-495
-486
-486
-476
-476
-465
-465
-455
-455
-448
-448
-444
-444
-441
-440
-437
-436
-434
-432
-430
-430
-428
-427
-426
-425
-423
-421
-421
-420
-419
-418
-418
-416
-416
-414
-414
-412
-412
-411
-411
-411
-409
-409
-407
-407
-407
-405
-405
-405
-404
-404
-404
-402
-402
-402
-401
-400
-400
-400
-399
-398
-398
-398
-397
-397
-397
-397
-397
-395
-395
-395
-395
-395
-393
-393
-393
-393
-393
-393
-392
-391
-391
-391
-391
-391
-391
-391
-390
-390
-390
-390
-390
-390
-390
-390
-390
-390
-390
-390
-390
-390
-390
-390
-390
-390
-390
-391
-391
-391
-391
-391
-392
-393
-393
-393
-393
-395
-395
-395
-397
-397
-397
-398
-398
-400
-400
-400
-402
-404
-404
-404
-405
-406
-407
-409
-409
-411
-411
-412
-412
-414
-414
-416
-418
-419
-420
-421
-421
-423
-425
-427
-427
-428
-432
-432
-435
-434
-437
-437
-441
-441
-444
-444
-447
-448
-449
-449
-453
-453
-456
-457
-460
-460
-463
-464
-467
-467
-471
-471
-476
-476
-478
-479
-483
-483
-486
-488
-490
-494
-493
-498
-499
-502
-502
-506
-506
-509
-509
-513
-513
-515
-516
-518
-518
-522
-522
-523
-523
-525
-525
-527
-529
-529
-529
-529
-530
-530
-530
-530
-530
-529
-529
-529
-527
-527
-525
-525
-523
-523
-520
-520
-516
-516
-513
-513
-509
-509
-506
-506
-501
-500
-497
-497
-493
-493
-488
-488
-485
-484
-479
-479
-476
-476
-471
-471
-467
-467
-462
-462
-458
-458
-453
-453
-449
-448
-446
-442
-441
-437
-437
-434
-433
-429
-428
-425
-425
-421
-421
-418
-417
-414
-414
-409
-409
-405
-405
-402
-402
-398
-398
-395
-395
-391
-391
-388
-388
-384
-384
-382
-382
-379
-379
-375
-374
-372
-370
-369
-367
-367
-363
-363
-361
-360
-358
-358
-355
-354
-353
-353
-350
-349
-347
-347
-346
-345
-342
-342
-340
-340
-338
-337
-335
-335
-333
-332
-331
-330
-330
-328
-328
-326
-325
-324
-323
-323
-321
-321
-319
-319
-317
-317
-316
-316
-314
-314
-313
-312
-312
-310
-310
-309
-309
-309
-307
-307
-305
-305
-305
-304
-303
-303
-302
-302
-302
-302
-300
-300
-300
-300
-298
-298
-298
-298
-297
-296
-296
-296
-296
-296
-295
-295
-295
-295
-295
-295
-295
-295
-293
-293
-293
-293
-293
-293
-293
-293
-293
-293
-293
-293
-293
-293
-293
-295
-295
-295
-295
-295
-296
-296
-296
-296
-298
-298
-300
-300
-300
-302
-302
-303
-304
-305
-307
-307
-309
-311
-311
-313
-314
-317
-317
-321
-321
-324
-324
-328
-328
-333
-333
-337
-337
-344
-344
-349
-349
-356
-356
-363
-363
-370
-370
-379
-379
-388
-390
-398
-400
-409
-411
-421
-434
-435
-448
-448
-461
-462
-474
-474
-486
-486
-495
-495
-504
-504
-509
-509
-514
-515
-518
-518
-520
-520
-522
-522
-522
-522
-522
-522
-522
-522
-522
-522
-520
-520
-518
-516
-515
-515
-511
-507
-507
-504
-502
-499
-497
-492
-492
-486
-486
-481
-480
-474
-474
-469
-467
-462
-462
-456
-455
-449
-449
-444
-444
-437
-437
-431
-431
-425
-425
-419
-419
-413
-413
-407
-407
-402
-401
-397
-394
-391
-387
-386
-381
-381
-377
-375
-372
-370
-367
-367
-362
-361
-358
-358
-354
-354
-351
-351
-346
-346
-342
-342
-340
-340
-337
-337
-333
-333
-331
-330
-328
-328
-326
-325
-324
-323
-323
-321
-321
-320
-319
-319
-319
-319
-319
-319
-321
-324
-323
-328
-328
-331
-331
-337
-337
-342
-342
-347
-347
-354
-354
-361
-361
-368
-369
-377
-377
-386
-386
-395
-395
-404
-404
-413
-414
-423
-425
-433
-435
-444
-452
-455
-464
-465
-475
-476
-486
-485
-497
-497
-506
-506
-516
-516
-525
-525
-535
-536
-544
-544
-551
-551
-558
-559
-566
-566
-571
-573
-576
-577
-581
-581
-583
-585
-587
-587
-587
-588
-588
-588
-588
-588
-588
-588
-588
-588
-588
-587
-587
-585
-585
-580
-580
-573
-572
-564
-564
-554
-553
-543
-543
-532
-532
-522
-521
-511
-511
-500
-501
-492
-492
-483
-484
-476
-477
-470
-470
-465
-465
-462
-458
-458
-458
-458
-458
-458
-460
-460
-462
-463
-465
-465
-469
-469
-472
-472
-477
-478
-483
-483
-488
-488
-495
-495
-502
-502
-509
-510
-518
-518
-527
-527
-536
-537
-546
-548
-557
-558
-569
-569
-581
-589
-594
-605
-606
-620
-620
-632
-632
-646
-646
-659
-659
-673
-673
-685
-685
-697
-698
-708
-708
-720
-720
-729
-730
-739
-740
-747
-748
-754
-756
-761
-761
-766
-766
-770
-770
-773
-775
-777
-777
-779
-779
-780
-780
-782
-782
-782
-784
-784
-784
-784
-784
-784
-784
-784
-784
-782
-782
-782
-780
-780
-777
-777
-773
-773
-768
-767
-759
-759
-749
-748
-736
-737
-726
-725
-715
-716
-706
-705
-697
-691
-689
-683
-682
-676
-675
-669
-669
-664
-663
-659
-657
-654
-652
-648
-648
-643
-643
-639
-639
-634
-634
-631
-631
-627
-627
-624
-624
-620
-620
-617
-616
-613
-613
-610
-610
-608
-606
-604
-603
-601
-599
-599
-597
-596
-594
-594
-592
-592
-589
-589
-587
-587
-585
-585
-583
-582
-581
-580
-578
-578
-576
-576
-575
-574
-573
-573
-571
-571
-569
-569
-567
-567
-566
-566
-566
-564
-564
-562
-562
-561
-560
-560
-559
-559
-557
-557
-557
-555
-555
-554
-553
-553
-552
-551
-551
-550
-550
-550
-548
-548
-548
-547
-546
-546
-546
-544
-544
-544
-543
-543
-543
-541
-541
-541
-541
-539
-539
-539
-538
-537
-537
-537
-536
-536
-536
-536
-534
-534
-534
-532
-532
-532
-532
-531
-530
-530
-530
-529
-529
-529
-529
-527
-527
-527
-527
-525
-525
-525
-524
-523
-523
-523
-522
-522
-522
-522
-520
-520
-520
-520
-518
-518
-518
-517
-516
-516
-516
-515
-515
-515
-515
-513
-513
-513
-513
-511
-511
-511
-511
-509
-509
-509
-508
-507
-507
-507
-506
-506
-506
-506
-504
-504
-504
-502
-502
-502
-501
-501
-500
-500
-499
-499
-499
-499
-497
-497
-497
-495
-495
-495
-494
-493
-493
-493
-492
-492
-492
-490
-490
-490
-488
-488
-488
-487
-486
-486
-486
-485
-485
-485
-483
-483
-483
-481
-481
-481
-480
-479
-479
-478
-478
-478
-476
-476
-476
-474
-474
-474
-472
-472
-471
-471
-471
-469
-469
-469
-467
-467
-467
-465
-465
-464
-464
-463
-462
-462
-462
-460
-460
-458
-458
-457
-457
-456
-455
-455
-455
-453
-453
-451
-451
-450
-449
-449
-448
-448
-446
-446
-444
-444
-443
-442
-441
-441
-441
-439
-439
-438
-437
-436
-435
-434
-434
-434
-432
-432
-430
-429
-428
-427
-427
-425
-425
-423
-423
-421
-421
-420
-419
-418
-418
-416
-416
-414
-414
-412
-411
-411
-409
-407
-407
-405
-405
-404
-404
-402
-402
-399
-398
-397
-397
-395
-395
-393
-393
-390
-390
-388
-388
-386
-385
-383
-383
-381
-379
-379
-378
-375
-376
-374
-372
-370
-370
-369
-368
-367
-367
-365
-365
-364
-363
-363
-361
-361
-360
-360
-360
-358
-358
-357
-356
-356
-354
-354
-353
-353
-353
-351
-351
-351
-349
-349
-348
-347
-347
-346
-346
-346
-344
-344
-344
-342
-342
-342
-340
-340
-340
-339
-339
-337
-337
-337
-337
-335
-335
-334
-333
-333
-332
-331
-331
-330
-330
-330
-328
-328
-328
-326
-326
-326
-325
-324
-324
-323
-323
-323
-323
-321
-321
-319
-319
-319
-318
-317
-317
-316
-316
-316
-314
-314
-314
-313
-312
-312
-311
-310
-310
-309
-309
-309
-309
-307
-307
-307
-305
-305
-304
-303
-303
-303
-302
-302
-302
-300
-300
-300
-298
-298
-298
-296
-296
-296
-295
-295
-295
-293
-293
-293
-293
-291
-291
-290
-289
-289
-289
-288
-287
-286
-286
-286
-286
-284
-283
-282
-281
-280
-279
-279
-279
-277
-276
-275
-274
-273
-272
-272
-272
-270
-270
-268
-268
-266
-266
-265
-265
-265
-263
-263
-261
-261
-259
-259
-258
-258
-258
-258
-256
-256
-254
-254
-254
-253
-252
-252
-251
-251
-251
-251
-251
-249
-481
-481
-509
-509
-520
-521
-527
-527
-530
-530
-532
-532
-534
-534
-534
-534
-534
-534
-534
-534
-534
-532
-532
-532
-532
-531
-530
-530
-529
-529
-529
-527
-527
-524
-524
-522
-522
-520
-520
-516
-516
-513
-513
-509
-509
-506
-506
-504
-503
-500
-499
-496
-494
-493
-493
-490
-487
-486
-485
-483
-481
-481
-478
-478
-476
-474
-472
-472
-471
-469
-467
-467
-465
-465
-463
-462
-462
-460
-458
-458
-457
-457
-455
-455
-453
-453
-451
-451
-450
-449
-449
-448
-448
-446
-446
-445
-444
-444
-444
-442
-442
-441
-441
-441
-441
-439
-439
-439
-437
-437
-437
-437
-436
-435
-435
-435
-435
-434
-434
-434
-434
-434
-434
-432
-432
-432
-432
-432
-432
-430
-430
-430
-430
-430
-430
-430
-430
-430
-429
-428
-428
-428
-428
-428
-428
-428
-428
-428
-428
-428
-428
-428
-428
-427
-427
-427
-427
-427
-427
-427
-427
-427
-427
-427
-427
-427
-427
-427
-427
-427
-427
-427
-427
-427
-427
-427
-427
-427
-427
-427
-427
-427
-427
-425
-425
-425
-425
-425
-425
-425
-427
-427
-427
-427
-427
-427
-427
-427
-427
-427
-427
-427
-427
-427
-427
-427
-427
-427
-427
-427
-427
-427
-427
-427
-428
-428
-428
-428
-428
-428
-428
-428
-428
-429
-430
-430
-430
-430
-430
-430
-430
-432
-432
-432
-432
-432
-434
-434
-434
-434
-434
-435
-435
-435
-435
-437
-437
-437
-439
-439
-439
-441
-441
-441
-442
-442
-444
-444
-444
-446
-446
-448
-449
-450
-451
-452
-453
-453
-455
-455
-455
-455
-455
-455
-455
-455
-453
-453
-453
-451
-451
-449
-449
-448
-447
-444
-444
-442
-442
-439
-438
-435
-436
-433
-430
-430
-427
-426
-423
-423
-420
-419
-416
-416
-413
-412
-409
-409
-407
-406
-404
-402
-400
-400
-397
-397
-395
-395
-391
-391
-388
-388
-386
-386
-384
-383
-383
-383
-383
-383
-381
-381
-381
-381
-381
-381
-381
-381
-381
-381
-381
-381
-381
-381
-381
-381
-379
-379
-379
-379
-379
-379
-379
-379
-379
-379
-379
-379
-378
-377
-377
-377
-377
-377
-377
-377
-377
-377
-377
-376
-376
-375
-375
-375
-375
-375
-375
-375
-374
-374
-374
-374
-374
-374
-374
-374
-374
-372
-372
-372
-372
-372
-372
-372
-370
-370
-370
-370
-370
-370
-370
-369
-368
-368
-368
-368
-368
-367
-367
-367
-367
-367
-367
-365
-365
-365
-365
-365
-363
-363
-363
-363
-363
-362
-361
-361
-361
-361
-360
-360
-360
-360
-360
-358
-358
-358
-358
-356
-356
-356
-355
-354
-354
-354
-353
-353
-353
-353
-351
-351
-351
-351
-349
-349
-349
-347
-347
-347
-346
-346
-346
-344
-344
-344
-342
-342
-341
-340
-340
-339
-339
-339
-337
-337
-335
-335
-335
-334
-333
-332
-331
-330
-330
-330
-328
-328
-326
-326
-324
-323
-323
-323
-321
-321
-319
-317
-317
-316
-316
-314
-314
-312
-310
-309
-309
-307
-307
-305
-305
-302
-302
-300
-300
-298
-298
-295
-295
-293
-293
-291
-291
-289
-288
-287
-286
-286
-286
-284
-284
-283
-282
-282
-282
-281
-280
-280
-280
-280
-280
-280
-280
-280
-280
-280
-280
-280
-280
-281
-282
-282
-282
-282
-282
-282
-282
-284
-284
-284
-284
-286
-286
-286
-286
-287
-287
-288
-289
-289
-291
-291
-293
-293
-294
-295
-296
-296
-298
-298
-300
-302
-303
-306
-305
-307
-309
-312
-312
-316
-316
-321
-321
-326
-326
-328
-328
-328
-330
-330
-330
-330
-328
-328
-328
-324
-324
-321
-321
-317
-317
-314
-314
-309
-309
-305
-305
-302
-301
-298
-297
-294
-291
-289
-286
-286
-282
-282
-279
-279
-274
-273
-270
-270
-266
-265
-263
-263
-261
-261
-258
-258
-256
-256
-254
-254
-252
-252
-251
-251
-249
-249
-247
-247
-247
-245
-245
-244
-243
-242
-242
-242
-240
-240
-238
-238
-238
-236
-236
-235
-235
-235
-233
-233
-232
-231
-231
-229
-229
-228
-228
-228
-226
-226
-226
-224
-224
-224
-222
-222
-221
-221
-221
-219
-219
-219
-217
-217
-217
-215
-215
-215
-214
-214
-214
-212
-212
-212
-210
-210
-209
-208
-208
-207
-207
-207
-205
-205
-205
-203
-203
-203
-201
-201
-201
-200
-199
-199
-198
-198
-198
-196
-196
-196
-195
-194
-194
-193
-192
-192
-191
-191
-191
-189
-189
-189
-189
-187
-187
-186
-185
-185
-184
-184
-184
-184
-182
-182
-182
-180
-180
-180
-179
-178
-178
-177
-177
-177
-175
-175
-175
-173
-173
-173
-171
-171
-171
-170
-170
-170
-168
-168
-166
-166
-166
-164
-164
-164
-163
-163
-161
-161
-161
-159
-159
-158
-157
-157
-155
-155
-154
-154
-154
-152
-152
-151
-150
-150
-148
-148
-147
-147
-145
-145
-145
-143
-143
-141
-141
-140
-140
-138
-138
-136
-136
-135
-134
-133
-133
-131
-131
-129
-129
-128
-127
-126
-126
-124
-124
-122
-122
-120
-120
-119
-118
-117
-117
-115
-114
-113
-112
-111
-110
-110
-108
-106
-106
-104
-103
-103
-101
-101
-99
-99
-97
-96
-94
-94
-92
-92
-90
-89
-87
-87
-85
-85
-82
-82
-80
-80
-78
-77
-75
-74
-73
-73
-69
-69
-67
-66
-64
-64
-60
-60
-59
-58
-55
-54
-52
-52
-48
-47
-45
-43
-43
-39
-33
-26
-19
-15
-8
0
